Any,Codi,Literal,Homes. De 0 a 14 anys,Homes. De 15 a 64 anys,Homes. De 65 anys i més,Dones. De 0 a 14 anys,Dones. De 15 a 64 anys,Dones. De 65 anys i més,Total. De 0 a 14 anys,Total. De 15 a 64 anys,Total. De 65 anys i més
2019,250019,Abella de la Conca,10,64,22,9,53,21,19,117,43
2019,080018,Abrera,1205,4243,878,1105,4054,1004,2310,8297,1882
2019,250024,Àger,25,208,87,24,155,89,49,363,176
2019,250030,Agramunt,412,1806,471,426,1660,596,838,3466,1067
2019,080023,Aguilar de Segarra,27,98,30,27,82,24,54,180,54
2019,170010,Agullana,57,266,88,70,257,93,127,523,181
2019,080142,Aiguafreda,165,812,231,178,790,328,343,1602,559
2019,430017,Aiguamúrcia,59,303,103,71,271,94,130,574,197
2019,170025,Aiguaviva,73,250,60,75,240,58,148,490,118
2019,250387,Aitona,211,890,257,179,723,331,390,1613,588
2019,250045,"Alamús, els",56,270,86,60,262,85,116,532,171
2019,250058,Alàs i Cerc,20,104,47,19,85,54,39,189,101
2019,250061,"Albagés, l'",17,124,53,15,104,56,32,228,109
2019,170031,Albanyà,15,52,13,19,47,11,34,99,24
2019,250077,Albatàrrec,190,846,114,182,737,152,372,1583,266
2019,250083,Albesa,117,573,165,94,416,191,211,989,356
2019,250096,"Albi, l'",62,221,106,46,207,122,108,428,228
2019,430022,Albinyana,186,826,231,167,773,255,353,1599,486
2019,430038,"Albiol, l'",50,166,37,40,159,33,90,325,70
2019,170046,Albons,55,275,71,57,247,71,112,522,142
2019,430043,Alcanar,677,3139,932,639,2970,1061,1316,6109,1993
2019,250100,Alcanó,19,69,31,12,69,35,31,138,66
2019,250117,Alcarràs,930,3511,516,833,3085,639,1763,6596,1155
2019,250122,Alcoletge,292,1269,214,311,1106,228,603,2375,442
2019,430056,Alcover,412,1683,404,442,1622,501,854,3305,905
2019,439044,"Aldea, l'",336,1428,433,276,1216,471,612,2644,904
2019,430069,Aldover,58,270,117,41,252,144,99,522,261
2019,430075,"Aleixar, l'",63,315,72,66,272,85,129,587,157
2019,080039,Alella,814,3015,933,745,3214,1080,1559,6229,2013
2019,430081,Alfara de Carles,15,130,54,18,101,59,33,231,113
2019,250138,Alfarràs,176,974,309,183,796,359,359,1770,668
2019,250143,Alfés,23,99,40,17,90,43,40,189,83
2019,430094,Alforja,122,640,159,126,562,192,248,1202,351
2019,250156,Algerri,19,122,65,11,90,79,30,212,144
2019,250169,Alguaire,197,1077,288,222,849,338,419,1926,626
2019,250175,Alins,17,80,47,13,81,38,30,161,85
2019,430108,Alió,27,124,57,42,148,41,69,272,98
2019,250194,Almacelles,500,2490,594,464,2004,739,964,4494,1333
2019,250208,Almatret,5,113,54,2,72,61,7,185,115
2019,250215,Almenar,238,1197,356,205,975,427,443,2172,783
2019,430115,Almoster,91,494,95,89,482,100,180,976,195
2019,250220,Alòs de Balaguer,6,42,26,5,28,23,11,70,49
2019,170062,Alp,99,617,112,91,543,118,190,1160,230
2019,080044,Alpens,21,105,18,17,81,24,38,186,42
2019,250236,Alpicat,590,2147,397,593,2060,468,1183,4207,865
2019,250241,Alt Àneu,22,158,51,12,121,41,34,279,92
2019,430120,Altafulla,453,1667,435,472,1726,490,925,3393,925
2019,170078,Amer,152,728,242,166,697,313,318,1425,555
2019,430136,"Ametlla de Mar, l'",488,2109,787,458,2061,884,946,4170,1671
2019,080057,"Ametlla del Vallès, l'",736,2949,592,653,2882,650,1389,5831,1242
2019,439060,"Ampolla, l'",181,1026,424,194,938,442,375,1964,866
2019,430141,Amposta,1802,6866,1781,1584,6585,2120,3386,13451,3901
2019,170084,Anglès,486,1836,458,469,1759,591,955,3595,1049
2019,250273,Anglesola,99,439,144,123,377,181,222,816,325
2019,250292,Arbeca,121,711,268,127,611,306,248,1322,574
2019,430167,"Arboç, l'",533,1910,409,493,1687,485,1026,3597,894
2019,430154,Arbolí,7,58,14,4,37,17,11,95,31
2019,170097,Arbúcies,569,2291,530,562,1956,648,1131,4247,1178
2019,080060,Arenys de Mar,1196,5104,1383,1066,5010,2017,2262,10114,3400
2019,080076,Arenys de Munt,771,3007,705,681,2913,854,1452,5920,1559
2019,170101,Argelaguer,18,144,43,20,127,45,38,271,88
2019,080082,Argençola,11,81,18,16,68,23,27,149,41
2019,430173,"Argentera, l'",0,51,19,4,30,20,4,81,39
2019,080095,Argentona,1059,4104,969,998,4089,1233,2057,8193,2202
2019,170118,"Armentera, l'",74,299,88,85,282,102,159,581,190
2019,430189,Arnes,23,115,86,21,121,89,44,236,175
2019,250313,Arres,2,33,7,3,18,2,5,51,9
2019,250328,Arsèguel,10,28,10,5,26,5,15,54,15
2019,080109,Artés,464,1946,458,446,1803,581,910,3749,1039
2019,250334,Artesa de Lleida,104,549,136,93,454,168,197,1003,304
2019,250349,Artesa de Segre,256,1156,354,237,1029,400,493,2185,754
2019,430192,Ascó,105,562,189,91,506,207,196,1068,396
2019,250365,Aspa,13,66,34,11,61,39,24,127,73
2019,250371,"Avellanes i Santa Linya, les",26,149,84,26,98,66,52,247,150
2019,080116,Avià,191,716,214,160,707,238,351,1423,452
2019,080121,Avinyó,173,751,203,158,687,303,331,1438,506
2019,170123,Avinyonet de Puigventós,147,560,89,156,564,94,303,1124,183
2019,080137,Avinyonet del Penedès,115,631,157,119,499,180,234,1130,337
2019,080155,Badalona,17695,72883,17931,16547,71832,23552,34242,144715,41483
2019,089045,Badia del Vallès,1060,4363,1144,999,4198,1616,2059,8561,2760
2019,080168,Bagà,128,676,260,109,651,314,237,1327,574
2019,250390,Baix Pallars,21,121,40,20,94,39,41,215,79
2019,250404,Balaguer,1534,5955,1257,1421,5254,1741,2955,11209,2998
2019,080174,Balenyà,318,1337,273,297,1232,364,615,2569,637
2019,080180,Balsareny,182,1088,292,200,961,436,382,2049,728
2019,430206,Banyeres del Penedès,278,1077,257,277,1008,273,555,2085,530
2019,170157,Banyoles,1844,6609,1420,1705,6306,1942,3549,12915,3362
2019,250411,Barbens,52,312,103,52,243,116,104,555,219
2019,430213,Barberà de la Conca,37,165,55,37,115,64,74,280,119
2019,082520,Barberà del Vallès,2846,11013,2441,2768,10925,3098,5614,21938,5539
2019,080193,Barcelona,105153,530511,139955,99601,551432,210110,204754,1081943,350065
2019,250426,"Baronia de Rialb, la",6,73,42,10,67,39,16,140,81
2019,170160,Bàscara,88,342,90,70,285,129,158,627,219
2019,250447,Bassella,11,68,33,10,72,30,21,140,63
2019,430228,Batea,132,547,265,121,520,305,253,1067,570
2019,250450,Bausen,0,17,13,2,15,11,2,32,24
2019,080207,Begues,667,2401,460,651,2443,476,1318,4844,936
2019,170139,Begur,232,1342,390,245,1268,448,477,2610,838
2019,250463,Belianes,29,157,83,24,150,82,53,307,165
2019,251706,Bellaguarda,15,96,41,7,77,51,22,173,92
2019,170182,Bellcaire d'Empordà,52,215,69,56,213,88,108,428,157
2019,250479,Bellcaire d'Urgell,79,403,145,77,342,184,156,745,329
2019,250485,Bell-lloc d'Urgell,157,770,212,178,719,279,335,1489,491
2019,250498,Bellmunt d'Urgell,8,61,20,12,55,29,20,116,49
2019,430234,Bellmunt del Priorat,21,88,36,8,82,45,29,170,81
2019,080214,Bellprat,0,24,17,1,13,9,1,37,26
2019,250501,Bellpuig,377,1921,407,415,1498,515,792,3419,922
2019,430249,Bellvei,205,741,186,191,683,197,396,1424,383
2019,250518,Bellver de Cerdanya,142,663,204,131,569,228,273,1232,432
2019,250523,Bellvís,171,735,243,136,639,331,307,1374,574
2019,250539,Benavent de Segrià,117,561,103,117,473,128,234,1034,231
2019,430252,Benifallet,24,220,104,33,225,133,57,445,237
2019,430265,Benissanet,68,444,134,69,302,144,137,746,278
2019,080229,Berga,1226,5356,1584,1077,5121,2130,2303,10477,3714
2019,170195,Besalú,200,722,248,205,792,325,405,1514,573
2019,170209,Bescanó,502,1649,354,461,1576,418,963,3225,772
2019,170216,Beuda,17,70,13,20,58,12,37,128,25
2019,080235,Bigues i Riells,801,3191,653,767,2977,703,1568,6168,1356
2019,250557,Biosca,3,62,29,6,44,32,9,106,61
2019,170221,"Bisbal d'Empordà, la",1022,3649,775,979,3528,1021,2001,7177,1796
2019,430271,"Bisbal de Falset, la",18,68,30,10,55,35,28,123,65
2019,430287,"Bisbal del Penedès, la",252,1237,373,230,1071,365,482,2308,738
2019,172348,Biure,11,72,35,12,70,32,23,142,67
2019,430290,Blancafort,22,129,47,23,111,57,45,240,104
2019,170237,Blanes,2862,13201,3293,2730,12819,4123,5592,26020,7416
2019,170293,Boadella i les Escaules,12,89,29,18,76,28,30,165,57
2019,170242,Bolvir,27,132,32,16,119,43,43,251,75
2019,430304,Bonastre,62,239,56,63,216,52,125,455,108
2019,250576,"Bòrdes, Es",17,102,25,17,77,21,34,179,46
2019,170255,Bordils,154,604,129,141,591,160,295,1195,289
2019,250582,"Borges Blanques, les",478,2048,579,443,1814,725,921,3862,1304
2019,430311,"Borges del Camp, les",190,688,172,153,614,220,343,1302,392
2019,170268,Borrassà,74,239,61,63,211,66,137,450,127
2019,080240,Borredà,22,171,60,16,121,55,38,292,115
2019,250595,Bossòst,70,382,90,81,374,112,151,756,202
2019,430326,Bot,28,168,99,21,148,109,49,316,208
2019,430332,Botarell,93,387,69,100,341,78,193,728,147
2019,250560,Bovera,8,79,46,9,55,50,17,134,96
2019,430347,Bràfim,73,218,66,54,191,90,127,409,156
2019,170274,Breda,232,1243,361,265,1190,449,497,2433,810
2019,080253,"Bruc, el",205,758,144,174,635,134,379,1393,278
2019,080266,"Brull, el",28,99,18,23,74,21,51,173,39
2019,170280,Brunyola i Sant Martí Sapresa,23,124,48,24,114,50,47,238,98
2019,430350,Cabacés,19,97,39,26,74,43,45,171,82
2019,250609,Cabanabona,2,28,6,2,18,19,4,46,25
2019,170314,Cabanelles,27,103,24,19,72,34,46,175,58
2019,170307,Cabanes,70,323,107,72,273,103,142,596,210
2019,080272,"Cabanyes, les",100,326,62,86,318,72,186,644,134
2019,250616,Cabó,2,31,16,4,24,15,6,55,31
2019,430363,Cabra del Camp,90,406,112,78,366,111,168,772,223
2019,080288,Cabrera d'Anoia,124,544,101,90,448,103,214,992,204
2019,080291,Cabrera de Mar,366,1584,398,351,1576,405,717,3160,803
2019,080305,Cabrils,614,2547,521,619,2582,556,1233,5129,1077
2019,170329,Cadaqués,183,929,210,198,938,254,381,1867,464
2019,080312,Calaf,306,1140,329,292,1060,408,598,2200,737
2019,430379,Calafell,2113,8807,2442,1845,8505,2826,3958,17312,5268
2019,080348,Calders,73,342,84,70,304,97,143,646,181
2019,080327,Caldes d'Estrac,212,970,244,207,989,360,419,1959,604
2019,170335,Caldes de Malavella,659,2589,580,641,2482,690,1300,5071,1270
2019,080333,Caldes de Montbui,1454,5915,1376,1317,5676,1816,2771,11591,3192
2019,080351,Calella,1403,6337,1599,1315,6137,2278,2718,12474,3877
2019,080370,Calldetenes,193,853,213,201,799,230,394,1652,443
2019,080386,Callús,203,712,146,193,665,221,396,1377,367
2019,080364,Calonge de Segarra,9,63,20,10,51,35,19,114,55
2019,170340,Calonge i Sant Antoni,870,3665,1036,741,3631,1149,1611,7296,2185
2019,250621,Camarasa,47,253,110,42,226,139,89,479,249
2019,439039,Camarles,259,1047,332,198,967,421,457,2014,753
2019,430385,Cambrils,3068,11032,2453,2857,11427,3061,5925,22459,5514
2019,170353,Camós,62,206,73,46,203,103,108,409,176
2019,170366,Campdevànol,206,987,373,209,961,487,415,1948,860
2019,170372,Campelles,8,43,20,6,47,15,14,90,35
2019,080399,Campins,35,206,36,36,175,41,71,381,77
2019,170388,Campllong,61,184,27,59,179,37,120,363,64
2019,170391,Camprodon,142,691,284,144,682,338,286,1373,622
2019,250637,Canejan,3,37,17,6,34,10,9,71,27
2019,170405,Canet d'Adri,66,238,67,54,219,79,120,457,146
2019,080403,Canet de Mar,1145,4627,1296,1041,4661,1756,2186,9288,3052
2019,439076,"Canonja, la",519,1970,403,537,1966,498,1056,3936,901
2019,080410,Canovelles,1560,5874,1179,1455,5178,1383,3015,11052,2562
2019,080425,Cànoves i Samalús,270,1053,258,252,1008,276,522,2061,534
2019,170412,Cantallops,20,95,38,24,95,41,44,190,79
2019,080431,Canyelles,408,1652,354,369,1528,336,777,3180,690
2019,430398,Capafonts,4,41,17,7,37,15,11,78,32
2019,430402,Capçanes,16,127,59,24,115,57,40,242,116
2019,080446,Capellades,398,1724,514,382,1648,627,780,3372,1141
2019,170427,Capmany,42,199,66,48,187,71,90,386,137
2019,080459,Capolat,12,25,7,9,31,10,21,56,17
2019,080462,Cardedeu,1714,5993,1250,1657,6101,1642,3371,12094,2892
2019,080478,Cardona,287,1443,543,303,1333,727,590,2776,1270
2019,080484,Carme,60,255,81,50,229,90,110,484,171
2019,430419,Caseres,6,76,47,13,72,45,19,148,92
2019,170448,Cassà de la Selva,921,3658,722,862,3256,961,1783,6914,1683
2019,080497,Casserres,119,503,191,105,463,227,224,966,418
2019,080575,Castell de l'Areny,4,25,9,2,27,1,6,52,10
2019,259046,Castell de Mur,10,59,35,6,46,27,16,105,62
2019,250642,Castellar de la Ribera,17,35,15,10,39,18,27,74,33
2019,080522,Castellar de n'Hug,4,66,15,8,45,21,12,111,36
2019,080500,Castellar del Riu,14,59,21,13,43,19,27,102,40
2019,080517,Castellar del Vallès,2123,8092,1733,1921,8126,2192,4044,16218,3925
2019,080538,Castellbell i el Vilar,260,1277,326,283,1126,375,543,2403,701
2019,080543,Castellbisbal,1147,4325,766,1119,4143,890,2266,8468,1656
2019,080556,Castellcir,68,273,51,69,240,51,137,513,102
2019,250674,Castelldans,57,347,107,59,270,120,116,617,227
2019,080569,Castelldefels,5689,23075,4254,5299,23040,5647,10988,46115,9901
2019,080581,Castellet i la Gornal,173,796,211,171,698,243,344,1494,454
2019,170464,Castellfollit de la Roca,79,304,110,55,277,136,134,581,246
2019,080608,Castellfollit de Riubregós,5,58,23,6,35,24,11,93,47
2019,080594,Castellfollit del Boix,39,144,39,33,130,51,72,274,90
2019,080615,Castellgalí,189,695,178,165,629,206,354,1324,384
2019,080620,Castellnou de Bages,124,517,91,135,437,93,259,954,184
2019,250680,Castellnou de Seana,44,223,94,46,175,101,90,398,195
2019,170470,Castelló d'Empúries,858,3703,947,860,3514,1024,1718,7217,1971
2019,250693,Castelló de Farfanya,33,186,69,29,141,78,62,327,147
2019,080636,Castellolí,47,207,48,81,178,58,128,385,106
2019,170486,Castell-Platja d'Aro,838,3558,961,779,3615,1109,1617,7173,2070
2019,250707,Castellserà,58,325,123,61,274,162,119,599,285
2019,080641,Castellterçol,167,822,247,171,728,328,338,1550,575
2019,430424,Castellvell del Camp,266,966,206,217,1003,199,483,1969,405
2019,080654,Castellví de la Marca,105,508,158,107,478,179,212,986,337
2019,080667,Castellví de Rosanes,139,670,122,159,632,162,298,1302,284
2019,430430,"Catllar, el",395,1577,337,355,1471,316,750,3048,653
2019,250714,Cava,2,19,8,1,8,9,3,27,17
2019,171899,"Cellera de Ter, la",152,610,203,140,591,250,292,1201,453
2019,170499,Celrà,580,1883,259,578,1849,303,1158,3732,562
2019,080673,Centelles,605,2429,596,572,2355,847,1177,4784,1443
2019,082687,Cercs,65,379,133,55,316,197,120,695,330
2019,082665,Cerdanyola del Vallès,4208,18981,4849,3948,19297,6120,8156,38278,10969
2019,080689,Cervelló,780,3057,692,720,2947,858,1500,6004,1550
2019,250729,Cervera,804,3199,667,765,2903,842,1569,6102,1509
2019,250735,Cervià de les Garrigues,26,217,93,31,171,102,57,388,195
2019,170502,Cervià de Ter,92,311,89,81,312,83,173,623,172
2019,170519,Cistella,20,85,33,22,90,32,42,175,65
2019,250740,Ciutadilla,11,65,35,10,56,31,21,121,66
2019,250753,Clariana de Cardener,10,58,14,10,52,13,20,110,27
2019,250766,"Cogul, el",6,48,34,4,38,28,10,86,62
2019,170545,Colera,13,144,66,21,133,71,34,277,137
2019,250772,Coll de Nargó,35,174,76,30,162,73,65,336,149
2019,080692,Collbató,450,1579,291,389,1437,320,839,3016,611
2019,430458,Colldejou,8,66,19,11,51,21,19,117,40
2019,080706,Collsuspina,28,112,34,34,105,29,62,217,63
2019,170558,Colomers,9,57,21,10,53,26,19,110,47
2019,251636,"Coma i la Pedra, la",14,113,30,9,76,23,23,189,53
2019,251615,Conca de Dalt,22,123,68,25,117,63,47,240,131
2019,430461,Conesa,6,30,18,1,32,16,7,62,34
2019,430477,Constantí,643,2297,458,590,2054,498,1233,4351,956
2019,080713,Copons,25,96,31,31,89,38,56,185,69
2019,430483,Corbera d'Ebre,72,331,128,49,289,147,121,620,275
2019,080728,Corbera de Llobregat,1299,5205,945,1203,5008,1162,2502,10213,2107
2019,250788,Corbins,132,532,123,100,394,163,232,926,286
2019,170577,Corçà,123,380,143,86,380,155,209,760,298
2019,080734,Cornellà de Llobregat,6592,28862,7491,6448,28951,10248,13040,57813,17739
2019,170561,Cornellà del Terri,200,761,236,194,728,245,394,1489,481
2019,430496,Cornudella de Montsant,51,354,100,53,266,117,104,620,217
2019,430509,Creixell,278,1164,403,251,1077,469,529,2241,872
2019,170583,Crespià,20,83,24,18,68,33,38,151,57
2019,179011,"Cruïlles, Monells i Sant Sadurní de l'Heura",90,425,125,92,421,126,182,846,251
2019,080749,Cubelles,1320,5191,1176,1243,5008,1391,2563,10199,2567
2019,250791,Cubells,14,115,51,15,92,56,29,207,107
2019,430516,Cunit,916,4062,1369,976,4054,1575,1892,8116,2944
2019,170600,Darnius,28,180,65,32,162,79,60,342,144
2019,170617,Das,21,91,19,28,71,23,49,162,42
2019,439018,Deltebre,822,3823,1143,775,3520,1399,1597,7343,2542
2019,080752,Dosrius,482,1958,340,476,1836,389,958,3794,729
2019,430537,Duesaigües,14,97,29,10,65,30,24,162,59
2019,170622,"Escala, l'",727,3428,1112,680,3230,1162,1407,6658,2274
2019,080765,Esparreguera,1836,7754,1659,1731,7253,2018,3567,15007,3677
2019,170638,Espinelves,12,79,19,16,64,25,28,143,44
2019,250812,"Espluga Calba, l'",15,103,53,18,88,64,33,191,117
2019,430542,"Espluga de Francolí, l'",247,1233,344,269,1167,495,516,2400,839
2019,080771,Esplugues de Llobregat,3416,14283,4601,3114,15175,6091,6530,29458,10692
2019,170643,Espolla,27,116,60,20,129,64,47,245,124
2019,170656,Esponellà,41,133,50,36,122,56,77,255,106
2019,250827,Espot,17,141,35,25,114,32,42,255,67
2019,080787,"Espunyola, l'",14,83,29,12,80,36,26,163,65
2019,082541,"Esquirol, l'",141,723,241,141,664,271,282,1387,512
2019,250886,Estamariu,10,32,26,6,28,16,16,60,42
2019,080790,"Estany, l'",33,125,47,19,111,71,52,236,118
2019,250851,Estaràs,8,47,30,10,49,18,18,96,48
2019,250864,Esterri d'Àneu,43,276,45,55,278,75,98,554,120
2019,250870,Esterri de Cardós,5,27,5,5,21,7,10,48,12
2019,430555,Falset,234,902,276,211,867,344,445,1769,620
2019,170059,"Far d'Empordà, el",51,205,49,51,184,59,102,389,108
2019,250899,Farrera,6,44,15,8,33,10,14,77,25
2019,430568,"Fatarella, la",37,277,144,57,243,183,94,520,327
2019,430574,"Febró, la",0,16,9,0,11,4,0,27,13
2019,081347,Figaró-Montmany,75,379,93,85,363,119,160,742,212
2019,080804,Fígols,2,15,8,1,7,9,3,22,17
2019,259084,Fígols i Alinyà,12,88,45,10,62,35,22,150,80
2019,430580,"Figuera, la",3,41,19,2,25,21,5,66,40
2019,170669,Figueres,4278,15825,2989,3989,15394,4179,8267,31219,7168
2019,430593,Figuerola del Camp,23,109,27,23,99,39,46,208,66
2019,170675,Flaçà,84,356,88,88,343,134,172,699,222
2019,430607,Flix,192,1102,423,148,1010,533,340,2112,956
2019,250925,"Floresta, la",3,56,20,8,37,23,11,93,43
2019,080826,Fogars de la Selva,93,519,136,98,465,140,191,984,276
2019,080811,Fogars de Montclús,44,158,43,47,137,41,91,295,84
2019,170681,Foixà,14,100,36,15,80,52,29,180,88
2019,080832,Folgueroles,241,756,162,208,708,192,449,1464,354
2019,250931,Fondarella,53,263,71,58,260,79,111,523,150
2019,080847,Fonollosa,110,497,143,100,461,142,210,958,285
2019,170694,Fontanals de Cerdanya,19,152,49,26,149,49,45,301,98
2019,170708,Fontanilles,9,52,19,3,33,23,12,85,42
2019,170715,Fontcoberta,137,478,123,113,495,122,250,973,245
2019,080850,Font-rubí,93,440,155,97,390,152,190,830,307
2019,250946,Foradada,13,68,27,11,41,26,24,109,53
2019,179026,Forallac,128,534,166,114,543,202,242,1077,368
2019,430614,Forès,1,13,11,1,7,10,2,20,21
2019,170736,Fornells de la Selva,283,868,171,245,894,189,528,1762,360
2019,170741,Fortià,59,261,69,58,241,75,117,502,144
2019,080863,"Franqueses del Vallès, les",1962,6994,1254,1835,6606,1441,3797,13600,2695
2019,430629,Freginals,18,119,38,11,98,62,29,217,100
2019,250962,"Fuliola, la",99,400,120,105,355,169,204,755,289
2019,250978,Fulleda,0,29,15,1,24,16,1,53,31
2019,080902,Gaià,13,67,17,15,50,13,28,117,30
2019,430635,"Galera, la",50,240,85,38,200,118,88,440,203
2019,080879,Gallifa,10,67,18,5,50,22,15,117,40
2019,430640,Gandesa,243,997,323,212,921,368,455,1918,691
2019,430653,Garcia,29,167,68,37,142,84,66,309,152
2019,430666,"Garidells, els",12,64,18,10,66,17,22,130,35
2019,080885,"Garriga, la",1435,5382,1170,1329,5625,1573,2764,11007,2743
2019,170754,Garrigàs,37,152,42,29,137,40,66,289,82
2019,170767,Garrigoles,7,59,18,14,44,20,21,103,38
2019,170773,Garriguella,67,261,93,71,271,92,138,532,185
2019,080898,Gavà,3944,15360,3572,3655,15654,4586,7599,31014,8158
2019,250984,Gavet de la Conca,11,79,39,9,67,56,20,146,95
2019,080919,Gelida,697,2565,516,634,2459,662,1331,5024,1178
2019,170789,Ger,36,138,48,39,146,41,75,284,89
2019,259123,Gimenells i el Pla de la Font,79,399,117,67,307,142,146,706,259
2019,430672,Ginestar,38,256,109,23,211,116,61,467,225
2019,170792,Girona,8741,33551,6639,8169,35463,9289,16910,69014,15928
2019,080924,Gironella,362,1480,542,334,1404,704,696,2884,1246
2019,080930,Gisclareny,1,11,3,0,8,2,1,19,5
2019,430688,Godall,24,168,97,31,153,102,55,321,199
2019,250997,Golmés,149,610,158,169,574,180,318,1184,338
2019,170806,Gombrèn,21,58,17,14,50,28,35,108,45
2019,251001,Gósol,9,79,30,5,51,32,14,130,62
2019,080945,"Granada, la",200,747,145,177,708,180,377,1455,325
2019,251018,"Granadella, la",48,240,99,32,179,114,80,419,213
2019,080958,Granera,3,38,12,0,11,5,3,49,17
2019,251023,"Granja d'Escarp, la",46,369,99,56,237,129,102,606,228
2019,080961,Granollers,4773,20731,4695,4514,20258,6304,9287,40989,10999
2019,251039,Granyanella,6,50,26,5,43,18,11,93,44
2019,251057,Granyena de les Garrigues,9,48,21,5,29,20,14,77,41
2019,251044,Granyena de Segarra,6,46,24,10,31,25,16,77,49
2019,430691,Gratallops,8,90,27,8,58,38,16,148,65
2019,080977,Gualba,161,511,97,148,461,122,309,972,219
2019,170813,Gualta,38,152,39,26,110,32,64,262,71
2019,080996,Guardiola de Berguedà,47,306,111,56,265,123,103,571,234
2019,430705,"Guiamets, els",9,84,35,11,78,53,20,162,88
2019,170828,Guils de Cerdanya,31,207,50,33,165,51,64,372,101
2019,251095,Guimerà,11,86,43,17,52,56,28,138,99
2019,259031,"Guingueta d'Àneu, la",15,101,43,15,87,36,30,188,79
2019,251109,Guissona,752,2762,296,641,2300,385,1393,5062,681
2019,251116,Guixers,8,50,26,4,29,17,12,79,43
2019,081000,Gurb,243,933,210,205,862,228,448,1795,438
2019,430712,Horta de Sant Joan,71,367,164,60,308,179,131,675,343
2020,080057,"Ametlla del Vallès, l'",717,3018,623,663,2946,679,1380,5964,1302
2019,081017,"Hospitalet de Llobregat, l'",19068,86539,22374,18036,88016,30890,37104,174555,53264
2019,081629,"Hostalets de Pierola, els",264,1064,190,264,966,225,528,2030,415
2019,170834,Hostalric,373,1434,323,339,1347,405,712,2781,728
2019,081022,Igualada,3413,12838,3385,3192,12555,4584,6605,25393,7969
2019,251155,Isona i Conca Dellà,59,330,159,53,262,156,112,592,315
2019,170849,Isòvol,25,104,32,16,76,28,41,180,60
2019,251137,Ivars d'Urgell,95,510,196,103,379,248,198,889,444
2019,251121,Ivars de Noguera,16,121,34,20,95,48,36,216,82
2019,251142,Ivorra,2,40,15,2,23,22,4,63,37
2019,170852,Jafre,31,127,48,17,102,55,48,229,103
2019,170865,"Jonquera, la",315,1111,211,270,1112,271,585,2223,482
2019,081038,Jorba,73,303,48,66,282,63,139,585,111
2019,259101,Josa i Tuixén,3,37,18,4,28,16,7,65,34
2019,170871,Juià,30,115,29,23,95,31,53,210,60
2019,251180,Juncosa,9,139,56,24,98,60,33,237,116
2019,251193,Juneda,282,1232,340,237,988,396,519,2220,736
2019,251214,Les,65,347,51,85,325,73,150,672,124
2019,251229,Linyola,191,909,265,206,826,303,397,1735,568
2019,081043,"Llacuna, la",54,321,100,44,227,124,98,548,224
2019,170887,Lladó,79,255,64,91,264,65,170,519,129
2019,251235,Lladorre,14,74,28,14,69,31,28,143,59
2019,251240,Lladurs,6,55,30,10,50,25,16,105,55
2019,081056,"Llagosta, la",1096,4471,1108,1104,4268,1433,2200,8739,2541
2019,170890,Llagostera,754,2921,628,705,2631,814,1459,5552,1442
2019,170904,Llambilles,62,241,56,51,222,64,113,463,120
2019,170911,Llanars,28,165,66,36,143,67,64,308,133
2019,170926,Llançà,331,1575,488,319,1503,620,650,3078,1108
2019,251253,Llardecans,22,146,68,16,114,85,38,260,153
2019,251266,Llavorsí,22,123,35,21,117,34,43,240,69
2019,251207,Lleida,11024,47349,10284,10465,45363,14471,21489,92712,24755
2019,170932,Llers,85,410,122,86,400,136,171,810,258
2019,251272,Lles de Cerdanya,16,93,39,14,63,28,30,156,67
2019,081075,Lliçà d'Amunt,1282,5307,1230,1149,4991,1297,2431,10298,2527
2019,081081,Lliçà de Vall,534,2203,598,471,2112,624,1005,4315,1222
2019,251288,Llimiana,8,52,28,3,35,19,11,87,47
2019,081069,Llinars del Vallès,816,3343,787,683,3325,984,1499,6668,1771
2019,170947,Llívia,90,535,123,93,446,130,183,981,253
2019,430727,"Lloar, el",6,33,19,9,29,11,15,62,30
2019,251291,Llobera,17,61,26,7,47,30,24,108,56
2019,430733,Llorac,3,34,15,4,33,11,7,67,26
2019,430748,Llorenç del Penedès,212,762,198,185,761,275,397,1523,473
2019,170950,Lloret de Mar,3066,13982,2480,2901,12900,3044,5967,26882,5524
2019,170963,"Llosses, les",19,83,19,19,61,17,38,144,36
2019,081094,Lluçà,21,93,20,30,88,21,51,181,41
2019,171024,Maçanet de Cabrenys,32,220,88,38,198,112,70,418,200
2019,171030,Maçanet de la Selva,518,2462,618,555,2188,665,1073,4650,1283
2019,170979,Madremanya,30,82,26,23,91,31,53,173,57
2019,170985,Maià de Montcal,30,171,50,32,119,47,62,290,97
2019,251333,Maials,46,336,135,45,225,133,91,561,268
2019,251305,Maldà,16,65,28,7,68,36,23,133,64
2019,081108,Malgrat de Mar,1369,6266,1645,1297,5836,2166,2666,12102,3811
2019,081115,Malla,26,89,24,17,86,31,43,175,55
2019,081120,Manlleu,1790,6987,1537,1731,6450,2078,3521,13437,3615
2019,081136,Manresa,6432,25227,6407,5970,24667,9011,12402,49894,15418
2019,430764,Marçà,40,208,66,36,179,65,76,387,131
2019,430751,Margalef,4,37,18,2,20,16,6,57,34
2019,082423,Marganell,17,85,29,6,90,39,23,175,68
2019,081141,Martorell,2546,9774,2009,2376,8844,2640,4922,18618,4649
2019,081154,Martorelles,361,1632,429,321,1530,528,682,3162,957
2019,430770,Mas de Barberans,23,182,83,27,161,102,50,343,185
2019,171002,Masarac,15,107,28,17,90,31,32,197,59
2019,430786,Masdenverge,70,345,131,65,327,132,135,672,263
2019,081167,"Masies de Roda, les",52,224,79,49,220,76,101,444,155
2019,081173,"Masies de Voltregà, les",232,1059,260,216,1054,320,448,2113,580
2019,430799,Masllorenç,44,192,47,32,138,51,76,330,98
2019,081189,"Masnou, el",1787,7688,1882,1659,7822,2677,3446,15510,4559
2019,430803,"Masó, la",22,84,40,16,75,39,38,159,79
2019,430810,Maspujols,86,281,59,67,272,62,153,553,121
2019,081192,Masquefa,825,3216,600,825,3057,688,1650,6273,1288
2019,430825,"Masroig, el",30,166,74,27,128,72,57,294,146
2019,251312,Massalcoreig,23,256,59,25,158,77,48,414,136
2019,171019,Massanes,77,242,86,67,220,69,144,462,155
2019,251327,Massoteres,19,80,20,21,59,19,40,139,39
2019,081206,Matadepera,885,3020,752,824,3023,822,1709,6043,1574
2019,081213,Mataró,10811,43291,9535,10177,41606,12845,20988,84897,22380
2019,081228,Mediona,207,729,223,194,700,269,401,1429,492
2019,251348,Menàrguens,33,307,100,38,218,110,71,525,210
2019,170998,Meranges,11,34,13,7,30,9,18,64,22
2019,171058,Mieres,16,106,38,24,89,45,40,195,83
2019,430831,"Milà, el",11,55,19,17,51,25,28,106,44
2019,251351,Miralcamp,111,427,139,110,413,151,221,840,290
2019,430846,Miravet,47,234,88,36,180,106,83,414,194
2019,081385,Moià,490,2225,475,504,1956,617,994,4181,1092
2019,430859,"Molar, el",13,102,43,9,80,50,22,182,93
2019,081234,Molins de Rei,2325,8400,1887,2177,8576,2503,4502,16976,4390
2019,251370,Mollerussa,1386,5262,895,1304,4638,1198,2690,9900,2093
2019,171061,Mollet de Peralada,15,54,27,14,48,31,29,102,58
2019,081249,Mollet del Vallès,4132,17269,3821,3956,17232,4908,8088,34501,8729
2019,171077,Molló,18,103,41,26,97,52,44,200,93
2019,251364,"Molsosa, la",2,35,16,4,33,17,6,68,33
2019,081287,Monistrol de Calders,42,246,69,27,218,80,69,464,149
2019,081271,Monistrol de Montserrat,237,1047,267,222,936,325,459,1983,592
2019,171096,Montagut i Oix,63,329,83,61,294,86,124,623,169
2019,430862,Montblanc,621,2504,612,533,2321,773,1154,4825,1385
2019,430884,Montbrió del Camp,299,988,198,270,906,229,569,1894,427
2019,081252,Montcada i Reixac,3112,12478,2311,3002,12171,3165,6114,24649,5476
2019,081304,Montclar,12,40,19,11,41,13,23,81,32
2019,251399,Montellà i Martinet,37,210,77,20,170,65,57,380,142
2019,081311,Montesquiu,93,315,93,70,307,120,163,622,213
2019,251403,Montferrer i Castellbò,96,349,121,83,301,91,179,650,212
2019,430897,Montferri,33,131,38,39,113,33,72,244,71
2019,251386,Montgai,29,209,91,20,161,115,49,370,206
2019,081265,Montgat,1100,4006,832,983,4098,1022,2083,8104,1854
2019,081326,Montmajor,35,131,65,39,131,63,74,262,128
2019,081332,Montmaneu,9,48,26,2,45,20,11,93,46
2019,430901,"Montmell, el",112,550,146,115,456,133,227,1006,279
2019,081350,Montmeló,648,2896,731,625,2901,954,1273,5797,1685
2019,251425,Montoliu de Lleida,29,171,51,23,141,74,52,312,125
2019,251410,Montoliu de Segarra,14,59,27,5,47,27,19,106,54
2019,251431,Montornès de Segarra,2,25,20,8,26,19,10,51,39
2019,081363,Montornès del Vallès,1497,5613,1141,1495,5279,1368,2992,10892,2509
2019,430918,Mont-ral,11,65,18,9,47,12,20,112,30
2019,171100,Mont-ras,113,562,171,87,561,185,200,1123,356
2019,430923,Mont-roig del Camp,997,4184,1079,913,3835,1128,1910,8019,2207
2019,081379,Montseny,26,118,35,24,95,44,50,213,79
2019,430939,Móra d'Ebre,480,1903,462,408,1816,621,888,3719,1083
2019,430944,Móra la Nova,214,1053,274,202,994,350,416,2047,624
2019,430957,"Morell, el",343,1331,207,331,1230,262,674,2561,469
2019,430960,"Morera de Montsant, la",6,62,17,12,39,16,18,101,33
2019,081290,Muntanyola,51,227,43,65,205,43,116,432,86
2019,081398,Mura,21,73,28,19,61,22,40,134,50
2019,251459,Nalec,3,22,20,2,25,15,5,47,35
2019,250254,Naut Aran,133,668,134,119,627,122,252,1295,256
2019,081402,Navarcles,405,1946,563,422,1915,726,827,3861,1289
2019,081419,Navàs,459,1988,551,451,1876,695,910,3864,1246
2019,171117,Navata,126,424,121,112,470,128,238,894,249
2019,251462,Navès,22,100,25,17,84,32,39,184,57
2019,081424,"Nou de Berguedà, la",6,49,28,11,45,22,17,94,50
2019,430976,"Nou de Gaià, la",73,180,47,62,184,57,135,364,104
2019,430982,Nulles,56,167,44,38,129,58,94,296,102
2019,251484,Odèn,9,93,47,5,64,31,14,157,78
2019,081430,Òdena,348,1233,267,320,1135,340,668,2368,607
2019,171122,Ogassa,16,87,27,16,65,23,32,152,50
2019,081458,Olèrdola,316,1280,304,301,1191,300,617,2471,604
2019,081461,Olesa de Bonesvalls,163,653,133,143,569,149,306,1222,282
2019,081477,Olesa de Montserrat,2215,8014,1684,2089,7756,2146,4304,15770,3830
2019,251497,Oliana,92,564,250,107,536,261,199,1100,511
2019,251500,Oliola,4,76,26,10,54,27,14,130,53
2019,251517,Olius,114,323,90,85,293,81,199,616,171
2019,081483,Olivella,361,1370,254,385,1196,233,746,2566,487
2019,081496,Olost,67,379,142,73,381,156,140,760,298
2019,171143,Olot,2687,12028,2854,2568,11098,3993,5255,23126,6847
2019,251522,"Oluges, les",10,50,28,5,43,31,15,93,59
2019,081445,Olvan,50,285,81,47,266,125,97,551,206
2019,251538,"Omellons, els",5,64,42,9,55,36,14,119,78
2019,251543,"Omells de na Gaia, els",4,48,20,4,36,19,8,84,39
2019,171156,Ordis,32,121,46,26,110,36,58,231,82
2019,251556,Organyà,51,240,97,44,218,134,95,458,231
2019,081509,Orís,19,114,26,26,106,24,45,220,50
2019,081516,Oristà,40,158,76,27,159,81,67,317,157
2019,081521,Orpí,13,55,12,12,43,12,25,98,24
2019,081537,Òrrius,70,257,54,63,239,56,133,496,110
2019,251569,Os de Balaguer,69,327,111,81,296,110,150,623,221
2019,171169,Osor,28,155,44,20,131,50,48,286,94
2019,251575,Ossó de Sió,15,59,24,15,62,29,30,121,53
2019,081542,Pacs del Penedès,74,315,80,76,295,82,150,610,162
2019,081555,Palafolls,881,3233,576,820,3187,708,1701,6420,1284
2019,171175,Palafrugell,1998,7568,1811,1867,7394,2336,3865,14962,4147
2019,171181,Palamós,1280,5943,1543,1172,5921,2051,2452,11864,3594
2019,251581,"Palau d'Anglesola, el",176,717,168,181,678,246,357,1395,414
2019,171194,Palau de Santa Eulàlia,7,32,13,5,23,11,12,55,24
2019,171215,Palau-sator,24,105,37,22,87,35,46,192,72
2019,171208,Palau-saverdera,140,448,153,123,443,169,263,891,322
2019,081568,Palau-solità i Plegamans,1170,4976,1100,1215,4999,1311,2385,9975,2411
2019,431009,"Pallaresos, els",503,1664,237,479,1598,296,982,3262,533
2019,081574,Pallejà,1074,3875,779,954,3817,1009,2028,7692,1788
2019,430995,"Palma d'Ebre, la",10,97,59,14,88,72,24,185,131
2019,089058,"Palma de Cervelló, la",220,1022,218,219,1018,257,439,2040,475
2019,171236,Palol de Revardit,36,145,47,40,135,52,76,280,99
2019,171241,Pals,167,779,276,160,737,292,327,1516,568
2019,081580,"Papiol, el",359,1401,292,352,1365,376,711,2766,668
2019,171254,Pardines,12,57,20,10,41,22,22,98,42
2019,081593,Parets del Vallès,1699,6541,1301,1575,6334,1632,3274,12875,2933
2019,171267,Parlavà,28,126,45,27,115,53,55,241,98
2019,171390,"Preses, les",154,591,145,151,559,188,305,1150,333
2019,431016,Passanant i Belltall,4,63,28,3,36,29,7,99,57
2019,171289,Pau,39,175,71,32,166,77,71,341,148
2019,431021,Paüls,35,146,96,30,154,95,65,300,191
2019,171292,Pedret i Marzà,20,65,16,17,61,19,37,126,35
2019,251641,Penelles,29,168,65,25,106,59,54,274,124
2019,171306,"Pera, la",39,148,34,30,130,65,69,278,99
2019,081607,Perafita,25,123,54,22,117,54,47,240,108
2019,431037,Perafort,142,439,73,115,411,81,257,850,154
2019,171328,Peralada,124,623,159,137,596,211,261,1219,370
2019,251654,Peramola,15,115,47,15,101,54,30,216,101
2019,431042,"Perelló, el",193,858,370,201,771,377,394,1629,747
2019,081614,Piera,1322,5463,1191,1234,4932,1461,2556,10395,2652
2019,431055,"Piles, les",22,69,29,20,58,14,42,127,43
2019,081635,Pineda de Mar,1983,9069,2536,1940,8605,3139,3923,17674,5675
2019,431068,"Pinell de Brai, el",55,331,130,51,270,180,106,601,310
2019,251667,Pinell de Solsonès,12,77,29,6,47,29,18,124,58
2019,251673,Pinós,18,99,34,24,79,33,42,178,67
2019,431074,Pira,39,173,49,34,146,52,73,319,101
2019,431080,"Pla de Santa Maria, el",179,827,209,157,713,242,336,1540,451
2019,081640,"Pla del Penedès, el",107,426,103,118,390,112,225,816,215
2019,171334,"Planes d'Hostoles, les",127,515,209,101,475,256,228,990,465
2019,171349,Planoles,18,104,35,15,78,38,33,182,73
2019,259118,"Plans de Sió, els",23,180,69,28,132,74,51,312,143
2019,251689,"Poal, el",47,218,75,32,191,85,79,409,160
2019,251692,"Pobla de Cérvoles, la",9,74,24,3,45,36,12,119,60
2019,081653,"Pobla de Claramunt, la",195,714,195,199,658,232,394,1372,427
2019,081666,"Pobla de Lillet, la",43,323,162,39,304,224,82,627,386
2019,431093,"Pobla de Mafumet, la",432,1416,134,386,1358,178,818,2774,312
2019,431107,"Pobla de Massaluca, la",19,101,61,10,76,51,29,177,112
2019,431114,"Pobla de Montornès, la",250,948,288,211,857,285,461,1805,573
2019,251713,"Pobla de Segur, la",208,925,336,195,870,450,403,1795,786
2019,431129,Poboleda,15,107,44,21,81,45,36,188,89
2019,081672,Polinyà,892,2985,418,877,2829,478,1769,5814,896
2019,431135,"Pont d'Armentera, el",24,163,71,27,140,80,51,303,151
2019,250306,"Pont de Bar, el",15,53,19,2,43,25,17,96,44
2019,171352,Pont de Molins,35,174,58,38,173,51,73,347,109
2019,251734,"Pont de Suert, el",165,747,195,149,699,265,314,1446,460
2019,081825,"Pont de Vilomara i Rocafort, el",349,1307,313,293,1199,369,642,2506,682
2019,431418,Pontils,3,38,25,4,33,14,7,71,39
2019,081688,Pontons,39,194,56,26,166,51,65,360,107
2019,171365,Pontós,26,87,28,17,81,27,43,168,55
2019,251728,Ponts,190,861,254,173,796,327,363,1657,581
2019,171371,Porqueres,385,1525,378,395,1487,451,780,3012,829
2019,431140,Porrera,17,169,43,23,125,62,40,294,105
2019,171404,"Port de la Selva, el",62,308,131,50,281,138,112,589,269
2019,171387,Portbou,36,323,169,48,291,208,84,614,377
2019,251749,"Portella, la",46,291,75,35,218,63,81,509,138
2019,431153,Pradell de la Teixeta,4,45,21,11,51,20,15,96,41
2019,431166,Prades,41,196,72,30,170,80,71,366,152
2019,431172,Prat de Comte,12,64,22,7,45,33,19,109,55
2019,081691,"Prat de Llobregat, el",5118,21184,5319,4919,21077,6982,10037,42261,12301
2019,431188,Pratdip,39,231,125,38,184,121,77,415,246
2019,081712,Prats de Lluçanès,158,861,261,159,814,316,317,1675,577
2019,081705,"Prats de Rei, els",42,192,49,30,145,74,72,337,123
2019,251752,Prats i Sansor,9,83,22,14,66,25,23,149,47
2019,251765,Preixana,24,114,61,27,95,64,51,209,125
2019,251771,Preixens,26,121,71,27,111,76,53,232,147
2019,082303,Premià de Dalt,902,3408,897,822,3432,987,1724,6840,1884
2019,081727,Premià de Mar,2165,9217,2322,2055,9103,3257,4220,18320,5579
2019,251790,Prullans,17,66,26,18,77,27,35,143,53
2019,171411,Puigcerdà,706,3266,613,697,3152,824,1403,6418,1437
2019,081748,Puigdàlber,40,175,41,61,161,48,101,336,89
2019,251804,Puiggròs,18,93,27,14,80,44,32,173,71
2019,431191,Puigpelat,111,424,55,102,390,67,213,814,122
2019,081751,Puig-reig,250,1358,478,245,1230,617,495,2588,1095
2019,251811,Puigverd d'Agramunt,17,96,33,12,69,28,29,165,61
2019,251826,Puigverd de Lleida,101,477,123,98,404,152,199,881,275
2019,081764,Pujalt,23,69,27,13,56,22,36,125,49
2019,081770,"Quar, la",6,10,13,3,15,6,9,25,19
2019,171426,Quart,418,1200,237,406,1191,272,824,2391,509
2019,170433,Queralbs,8,71,25,6,56,25,14,127,50
2019,431205,Querol,28,184,73,23,146,53,51,330,126
2019,171432,Rabós,9,54,26,9,51,29,18,105,55
2019,081786,Rajadell,31,184,60,43,173,57,74,357,117
2019,431212,Rasquera,43,224,117,43,222,132,86,446,249
2019,171447,Regencós,15,93,33,16,78,34,31,171,67
2019,081799,Rellinars,52,284,67,73,245,59,125,529,126
2019,431227,Renau,22,55,5,13,54,8,35,109,13
2019,431233,Reus,9105,33384,7926,8634,34625,10699,17739,68009,18625
2019,251832,Rialp,39,244,47,35,229,67,74,473,114
2019,431248,"Riba, la",36,207,78,28,148,88,64,355,166
2019,431251,Riba-roja d'Ebre,57,384,152,57,294,182,114,678,334
2019,259059,Ribera d'Ondara,21,133,59,23,125,65,44,258,124
2019,251850,Ribera d'Urgellet,78,328,82,69,277,101,147,605,183
2019,171450,Ribes de Freser,99,563,220,72,511,289,171,1074,509
2019,171463,Riells i Viabrea,329,1487,297,292,1411,308,621,2898,605
2019,431264,"Riera de Gaià, la",179,575,113,184,544,149,363,1119,262
2019,251863,Riner,21,82,29,20,71,40,41,153,69
2019,171479,Ripoll,770,3429,1074,704,3293,1416,1474,6722,2490
2019,081803,Ripollet,3534,13050,2496,3369,12869,3347,6903,25919,5843
2019,259139,Riu de Cerdanya,2,40,13,3,28,7,5,68,20
2019,171485,Riudarenes,184,747,194,175,674,208,359,1421,402
2019,171498,Riudaura,37,153,42,50,151,45,87,304,87
2019,431270,Riudecanyes,100,391,99,79,343,112,179,734,211
2019,431286,Riudecols,73,432,106,79,365,125,152,797,231
2019,171501,Riudellots de la Selva,179,719,155,162,681,180,341,1400,335
2019,431299,Riudoms,606,2191,583,522,2006,686,1128,4197,1269
2019,171518,Riumors,19,81,26,17,81,34,36,162,60
2019,081810,"Roca del Vallès, la",941,3652,726,925,3510,896,1866,7162,1622
2019,431303,Rocafort de Queralt,13,72,37,14,50,39,27,122,76
2019,431310,Roda de Berà,504,2167,670,495,1991,740,999,4158,1410
2019,081831,Roda de Ter,525,2117,476,508,2030,645,1033,4147,1121
2019,431325,Rodonyà,37,185,40,24,147,57,61,332,97
2019,431331,Roquetes,660,2811,655,599,2483,765,1259,5294,1420
2019,171523,Roses,1610,6619,1633,1540,6235,1913,3150,12854,3546
2019,251898,Rosselló,257,1141,204,274,990,279,531,2131,483
2019,431346,"Rourell, el",29,133,29,23,117,35,52,250,64
2019,081846,Rubí,6727,26357,5274,6380,25991,6735,13107,52348,12009
2019,081859,Rubió,18,82,33,12,69,25,30,151,58
2019,171539,Rupià,18,82,38,27,75,32,45,157,70
2019,089019,Rupit i Pruit,15,84,40,14,78,48,29,162,88
2019,081878,Sabadell,17618,69554,16675,16609,69950,23238,34227,139504,39913
2019,081884,Sagàs,19,48,13,9,46,13,28,94,26
2019,251902,Salàs de Pallars,19,103,52,16,88,42,35,191,94
2019,081901,Saldes,5,104,50,6,71,38,11,175,88
2019,171544,Sales de Llierca,9,57,11,17,52,8,26,109,19
2019,081918,Sallent,452,2022,737,455,2031,961,907,4053,1698
2019,431359,Salomó,44,196,55,51,151,60,95,347,115
2019,439057,Salou,2280,10214,1647,2020,9416,1899,4300,19630,3546
2019,171557,Salt,3400,11391,1663,3077,9611,2220,6477,21002,3883
2019,251919,Sanaüja,18,125,59,17,96,65,35,221,124
2019,081944,Sant Adrià de Besòs,3173,12451,2627,2906,12162,3778,6079,24613,6405
2019,081957,Sant Agustí de Lluçanès,2,29,11,7,25,11,9,54,22
2019,081960,Sant Andreu de la Barca,2604,9342,1733,2497,9020,2362,5101,18362,4095
2019,081976,Sant Andreu de Llavaneres,906,3662,856,823,3690,1031,1729,7352,1887
2019,171576,Sant Andreu Salou,14,50,15,10,46,20,24,96,35
2019,171833,Sant Aniol de Finestres,26,112,39,25,103,36,51,215,75
2019,081982,Sant Antoni de Vilamajor,531,2068,432,501,2088,515,1032,4156,947
2019,081995,Sant Bartomeu del Grau,75,300,85,54,252,92,129,552,177
2019,082009,Sant Boi de Llobregat,6652,27453,6772,6241,27286,9201,12893,54739,15973
2019,082016,Sant Boi de Lluçanès,19,166,84,34,136,102,53,302,186
2019,431362,Sant Carles de la Ràpita,1006,4752,1480,981,4763,1807,1987,9515,3287
2019,082037,Sant Cebrià de Vallalta,305,1200,259,309,1062,250,614,2262,509
2019,082021,Sant Celoni,1566,6028,1345,1465,5734,1766,3031,11762,3111
2019,082042,Sant Climent de Llobregat,421,1385,269,386,1389,279,807,2774,548
2019,171582,Sant Climent Sescebes,39,272,53,45,150,67,84,422,120
2019,082055,Sant Cugat del Vallès,9060,29560,5577,8443,31221,7145,17503,60781,12722
2019,082068,Sant Cugat Sesgarrigues,81,325,82,100,313,106,181,638,188
2019,251961,Sant Esteve de la Sarga,3,42,27,4,31,17,7,73,44
2019,082074,Sant Esteve de Palautordera,271,937,183,257,975,197,528,1912,380
2019,082080,Sant Esteve Sesrovires,642,2642,551,597,2520,660,1239,5162,1211
2019,171595,Sant Feliu de Buixalleu,45,277,88,60,235,78,105,512,166
2019,082107,Sant Feliu de Codines,525,2224,419,466,2040,585,991,4264,1004
2019,171609,Sant Feliu de Guíxols,1732,7130,1940,1657,6999,2467,3389,14129,4407
2019,082114,Sant Feliu de Llobregat,3608,14465,3694,3454,14816,4823,7062,29281,8517
2019,171616,Sant Feliu de Pallerols,115,421,131,98,435,171,213,856,302
2019,082129,Sant Feliu Sasserra,43,195,74,40,168,82,83,363,156
2019,171621,Sant Ferriol,24,76,24,26,71,22,50,147,46
2019,082093,Sant Fost de Campsentelles,671,2867,814,600,2802,983,1271,5669,1797
2019,082135,Sant Fruitós de Bages,749,2922,624,747,2898,763,1496,5820,1387
2019,171637,Sant Gregori,407,1253,299,331,1216,311,738,2469,610
2019,251924,Sant Guim de Freixenet,74,351,113,79,274,134,153,625,247
2019,251977,Sant Guim de la Plana,12,66,28,6,46,27,18,112,55
2019,171642,Sant Hilari Sacalm,411,1881,551,437,1699,648,848,3580,1199
2019,082153,Sant Hipòlit de Voltregà,286,1177,266,248,1108,399,534,2285,665
2019,081939,Sant Iscle de Vallalta,128,467,92,118,421,106,246,888,198
2019,439023,Sant Jaume d'Enveja,223,1149,393,248,1042,448,471,2191,841
2019,082166,Sant Jaume de Frontanyà,1,9,8,2,7,3,3,16,11
2019,171655,Sant Jaume de Llierca,69,257,90,60,274,115,129,531,205
2019,431378,Sant Jaume dels Domenys,265,874,203,238,811,231,503,1685,434
2019,171674,Sant Joan de les Abadesses,203,998,403,190,913,525,393,1911,928
2019,171680,Sant Joan de Mollet,35,166,47,48,156,55,83,322,102
2019,082188,Sant Joan de Vilatorrada,926,3628,936,854,3423,1169,1780,7051,2105
2019,082172,Sant Joan Despí,2891,11134,2560,2725,11492,3321,5616,22626,5881
2019,171851,Sant Joan les Fonts,235,981,325,189,890,386,424,1871,711
2019,171668,Sant Jordi Desvalls,64,240,76,62,234,85,126,474,161
2019,089030,Sant Julià de Cerdanyola,15,84,26,10,65,28,25,149,54
2019,171693,Sant Julià de Ramis,345,1202,233,323,1179,233,668,2381,466
2019,082205,Sant Julià de Vilatorta,257,1042,240,254,1025,296,511,2067,536
2019,179032,Sant Julià del Llor i Bonmatí,117,439,95,113,422,100,230,861,195
2019,082212,Sant Just Desvern,1582,5505,1457,1499,5801,1961,3081,11306,3418
2019,082227,Sant Llorenç d'Hortons,201,837,188,194,795,198,395,1632,386
2019,171714,Sant Llorenç de la Muga,18,92,25,16,79,34,34,171,59
2019,251930,Sant Llorenç de Morunys,56,279,122,59,283,150,115,562,272
2019,082233,Sant Llorenç Savall,165,788,244,170,719,287,335,1507,531
2019,082251,Sant Martí d'Albars,7,33,16,10,30,16,17,63,32
2019,082248,Sant Martí de Centelles,80,446,74,85,375,107,165,821,181
2019,171729,Sant Martí de Llémena,51,231,48,52,214,37,103,445,85
2019,259025,Sant Martí de Riucorb,32,198,104,40,156,116,72,354,220
2019,082264,Sant Martí de Tous,124,406,107,119,356,123,243,762,230
2019,082270,Sant Martí Sarroca,258,1072,278,283,1048,325,541,2120,603
2019,082286,Sant Martí Sesgueioles,22,125,29,16,111,40,38,236,69
2019,171735,Sant Martí Vell,15,93,23,16,76,29,31,169,52
2019,082299,Sant Mateu de Bages,33,187,82,26,162,113,59,349,195
2019,171740,Sant Miquel de Campmajor,24,81,22,20,63,21,44,144,43
2019,171753,Sant Miquel de Fluvià,59,262,76,53,242,72,112,504,148
2019,171766,Sant Mori,11,61,18,12,55,20,23,116,38
2019,171772,Sant Pau de Segúries,49,208,90,41,213,96,90,421,186
2019,082310,Sant Pere de Ribes,2591,10594,2083,2547,10373,2531,5138,20967,4614
2019,082325,Sant Pere de Riudebitlles,225,728,228,193,706,288,418,1434,516
2019,082331,Sant Pere de Torelló,206,809,227,154,732,291,360,1541,518
2019,082346,Sant Pere de Vilamajor,370,1565,304,390,1479,364,760,3044,668
2019,171788,Sant Pere Pescador,164,772,148,178,590,190,342,1362,338
2019,081897,Sant Pere Sallavinera,16,47,19,9,36,25,25,83,44
2019,082359,Sant Pol de Mar,421,1668,515,399,1686,610,820,3354,1125
2019,082362,Sant Quintí de Mediona,197,770,187,177,696,227,374,1466,414
2019,082378,Sant Quirze de Besora,140,664,250,152,654,307,292,1318,557
2019,082384,Sant Quirze del Vallès,1903,6663,1299,1858,6894,1524,3761,13557,2823
2019,082397,Sant Quirze Safaja,53,242,41,61,193,37,114,435,78
2019,251945,Sant Ramon,20,154,80,34,124,79,54,278,159
2019,082401,Sant Sadurní d'Anoia,1163,4220,965,1062,4276,1201,2225,8496,2166
2019,082418,Sant Sadurní d'Osormort,3,35,9,2,21,8,5,56,17
2019,080983,Sant Salvador de Guardiola,267,1098,265,251,989,309,518,2087,574
2019,082628,Sant Vicenç de Castellet,825,3177,758,704,3006,1053,1529,6183,1811
2019,082649,Sant Vicenç de Montalt,561,2091,547,504,2128,576,1065,4219,1123
2019,082652,Sant Vicenç de Torelló,176,685,158,151,679,209,327,1364,367
2019,082634,Sant Vicenç dels Horts,2269,9667,2023,2187,9366,2605,4456,19033,4628
2019,431384,Santa Bàrbara,280,1225,376,273,1125,428,553,2350,804
2019,082439,Santa Cecília de Voltregà,11,68,20,12,60,16,23,128,36
2019,082444,Santa Coloma de Cervelló,792,2741,493,826,2760,606,1618,5501,1099
2019,171805,Santa Coloma de Farners,1126,4516,979,1136,4177,1209,2262,8693,2188
2019,082457,Santa Coloma de Gramenet,9451,39528,9916,8881,37958,13481,18332,77486,23397
2019,431397,Santa Coloma de Queralt,205,852,271,179,799,367,384,1651,638
2019,171812,Santa Cristina d'Aro,414,1775,435,432,1674,493,846,3449,928
2019,082460,Santa Eugènia de Berga,173,776,193,154,742,210,327,1518,403
2019,082476,Santa Eulàlia de Riuprimer,143,448,95,132,411,116,275,859,211
2019,082482,Santa Eulàlia de Ronçana,623,2441,575,598,2367,684,1221,4808,1259
2019,082495,Santa Fe del Penedès,31,127,27,30,126,33,61,253,60
2019,171827,Santa Llogaia d'Àlguema,38,126,25,40,108,33,78,234,58
2019,082508,Santa Margarida de Montbui,913,3304,776,849,3175,963,1762,6479,1739
2019,082515,Santa Margarida i els Monjos,768,2583,505,736,2435,584,1504,5018,1089
2019,082589,Santa Maria d'Oló,84,324,113,66,299,139,150,623,252
2019,082536,Santa Maria de Besora,10,52,16,9,39,24,19,91,40
2019,082567,Santa Maria de Martorelles,80,311,58,76,287,81,156,598,139
2019,082554,Santa Maria de Merlès,17,60,12,23,56,16,40,116,28
2019,082573,Santa Maria de Miralles,7,45,16,8,34,16,15,79,32
2019,082592,Santa Maria de Palautordera,791,3266,703,714,3089,860,1505,6355,1563
2019,431401,Santa Oliva,303,1098,284,274,1032,329,577,2130,613
2019,171848,Santa Pau,119,501,172,101,490,182,220,991,354
2019,431508,Tivissa,106,499,194,82,490,231,188,989,425
2019,082606,Santa Perpètua de Mogoda,2380,8847,1731,2183,8499,2159,4563,17346,3890
2019,082613,Santa Susanna,305,1151,265,292,1123,310,597,2274,575
2019,081923,Santpedor,754,2391,610,648,2423,728,1402,4814,1338
2019,431423,Sarral,111,530,148,137,458,164,248,988,312
2019,171864,Sarrià de Ter,446,1709,375,439,1707,494,885,3416,869
2019,252017,Sarroca de Bellera,1,42,25,5,30,18,6,72,43
2019,252000,Sarroca de Lleida,18,113,69,14,89,60,32,202,129
2019,171870,"Saus, Camallera i Llampaies",64,271,89,62,248,103,126,519,192
2019,431439,Savallà del Comtat,1,22,8,0,17,10,1,39,18
2019,431444,"Secuita, la",142,580,129,151,542,143,293,1122,272
2019,171886,"Selva de Mar, la",8,69,31,5,55,28,13,124,59
2019,431457,"Selva del Camp, la",490,1941,405,460,1852,504,950,3793,909
2019,431460,Senan,3,18,12,3,9,3,6,27,15
2019,430445,"Sénia, la",412,1904,528,394,1803,640,806,3707,1168
2019,252022,Senterada,4,65,11,6,40,11,10,105,22
2019,250352,"Sentiu de Sió, la",17,138,61,19,115,56,36,253,117
2019,082671,Sentmenat,852,3153,606,756,3016,695,1608,6169,1301
2019,171903,Serinyà,109,372,95,92,363,105,201,735,200
2019,252043,Seròs,140,700,189,140,529,224,280,1229,413
2019,171910,Serra de Daró,18,79,25,15,59,25,33,138,50
2019,171925,Setcases,10,61,27,5,56,18,15,117,45
2019,252038,"Seu d'Urgell, la",873,3976,993,872,4060,1315,1745,8036,2308
2019,082690,Seva,300,1197,287,259,1134,342,559,2331,629
2019,252056,Sidamon,68,261,54,49,228,74,117,489,128
2019,171931,Sils,547,2086,475,488,1970,527,1035,4056,1002
2019,082704,Sitges,2188,10075,2445,1974,9663,2962,4162,19738,5407
2019,170524,Siurana,11,56,17,10,52,22,21,108,39
2019,082711,Sobremunt,1,28,7,6,28,9,7,56,16
2019,252069,"Soleràs, el",15,110,48,20,80,59,35,190,107
2019,431476,Solivella,47,203,83,27,182,91,74,385,174
2019,252075,Solsona,736,3032,720,730,2879,997,1466,5911,1717
2019,082726,Sora,22,71,24,13,60,19,35,131,43
2019,252081,Soriguera,37,151,32,22,136,32,59,287,64
2019,252094,Sort,172,720,185,153,702,217,325,1422,402
2019,252108,Soses,159,602,162,150,508,182,309,1110,344
2019,082732,Subirats,257,1033,287,218,939,310,475,1972,597
2019,252115,Sudanell,52,316,97,35,245,108,87,561,205
2019,252120,Sunyer,13,160,32,17,91,39,30,251,71
2019,082747,Súria,392,1922,583,378,1866,801,770,3788,1384
2019,171946,Susqueda,2,47,11,6,27,8,8,74,19
2019,082763,Tagamanent,30,116,23,20,109,25,50,225,48
2019,082779,Talamanca,17,74,24,14,58,19,31,132,43
2019,252154,Talarn,25,316,46,26,131,41,51,447,87
2019,252167,Talavera,16,97,45,11,69,45,27,166,90
2019,171959,"Tallada d'Empordà, la",33,153,55,34,140,48,67,293,103
2019,082785,Taradell,556,2121,561,492,2071,688,1048,4192,1249
2019,431482,Tarragona,10794,44382,10329,10319,44640,14051,21113,89022,24380
2019,252173,Tàrrega,1561,5751,1177,1450,5592,1567,3011,11343,2744
2019,252189,Tarrés,7,31,18,9,30,11,16,61,29
2019,252192,Tarroja de Segarra,14,61,29,13,51,19,27,112,48
2019,082750,Tavèrnoles,25,107,27,27,96,34,52,203,61
2019,082802,Tavertet,4,34,19,4,34,16,8,68,35
2019,082819,Teià,526,2038,570,434,2072,757,960,4110,1327
2019,252206,Térmens,81,459,138,91,367,197,172,826,335
2019,171962,Terrades,22,110,30,26,106,35,48,216,65
2019,082798,Terrassa,19465,73501,15503,18227,72441,21419,37692,145942,36922
2019,082824,Tiana,723,2863,647,787,3029,791,1510,5892,1438
2019,252213,Tírvia,3,43,17,6,44,18,9,87,35
2019,252228,Tiurana,3,20,10,3,27,10,6,47,20
2019,431495,Tivenys,38,301,119,45,246,150,83,547,269
2019,082830,Tona,687,2781,631,665,2670,807,1352,5451,1438
2019,252234,Torà,80,433,126,77,385,154,157,818,280
2019,082845,Tordera,1556,5821,1345,1412,5502,1580,2968,11323,2925
2019,082858,Torelló,1167,4763,1207,1130,4515,1565,2297,9278,2772
2019,252249,"Torms, els",8,47,22,2,36,29,10,83,51
2019,252252,Tornabous,66,290,105,49,231,117,115,521,222
2019,252271,"Torre de Cabdella, la",32,251,100,28,218,131,60,469,231
2019,082861,"Torre de Claramunt, la",316,1313,294,273,1216,302,589,2529,596
2019,431515,"Torre de Fontaubella, la",12,35,21,8,38,24,20,73,45
2019,431520,"Torre de l'Espanyol, la",36,197,78,41,177,82,77,374,160
2019,252265,Torrebesses,17,93,40,16,71,45,33,164,85
2019,431536,Torredembarra,1243,5318,1364,1243,5313,1703,2486,10631,3067
2019,252287,Torrefarrera,484,1589,255,444,1524,309,928,3113,564
2019,259078,Torrefeta i Florejacs,36,213,73,29,170,81,65,383,154
2019,252304,Torregrossa,156,748,236,140,630,292,296,1378,528
2019,252311,Torrelameu,46,312,75,46,181,83,92,493,158
2019,082877,Torrelavit,119,470,134,126,439,131,245,909,265
2019,082883,Torrelles de Foix,188,872,207,154,710,217,342,1582,424
2019,082896,Torrelles de Llobregat,555,2091,357,560,2050,428,1115,4141,785
2019,171978,Torrent,9,63,20,12,51,20,21,114,40
2019,252326,Torres de Segre,126,852,201,146,726,226,272,1578,427
2019,252332,Torre-serona,18,153,37,25,114,50,43,267,87
2019,171984,Torroella de Fluvià,48,252,54,56,226,58,104,478,112
2019,171997,Torroella de Montgrí,961,3947,992,880,3741,1124,1841,7688,2116
2019,431541,Torroja del Priorat,9,48,24,3,40,25,12,88,49
2019,172001,Tortellà,59,253,81,65,257,94,124,510,175
2019,431554,Tortosa,2592,10950,2954,2526,10439,3911,5118,21389,6865
2019,172018,Toses,9,70,23,11,45,13,20,115,36
2019,172023,Tossa de Mar,366,1992,503,367,1848,607,733,3840,1110
2019,252347,Tremp,406,1924,554,397,1790,773,803,3714,1327
2019,172044,Ullà,110,442,80,108,329,84,218,771,164
2019,082900,Ullastrell,224,700,128,205,678,158,429,1378,286
2019,172057,Ullastret,18,90,32,29,91,30,47,181,62
2019,431567,Ulldecona,486,2210,590,445,1881,688,931,4091,1278
2019,431573,Ulldemolins,16,143,70,13,88,66,29,231,136
2019,172039,Ultramort,25,65,28,16,58,31,41,123,59
2019,172060,Urús,8,70,15,7,66,23,15,136,38
2019,082917,Vacarisses,696,2335,405,593,2219,440,1289,4554,845
2019,170144,"Vajol, la",6,32,10,3,27,11,9,59,21
2019,172076,"Vall d'en Bas, la",264,997,292,230,952,337,494,1949,629
2019,172082,"Vall de Bianya, la",99,433,107,98,404,123,197,837,230
2019,250432,"Vall de Boí, la",70,378,98,63,334,78,133,712,176
2019,259010,Vall de Cardós,19,136,40,28,100,41,47,236,81
2019,082922,Vallbona d'Anoia,120,469,130,84,425,145,204,894,275
2019,252385,Vallbona de les Monges,6,79,35,13,52,48,19,131,83
2019,082938,Vallcebre,4,97,41,9,64,35,13,161,76
2019,431589,Vallclara,8,37,12,5,26,10,13,63,22
2019,252402,Vallfogona de Balaguer,161,607,169,164,595,180,325,1202,349
2019,171707,Vallfogona de Ripollès,11,66,32,9,53,35,20,119,67
2019,431592,Vallfogona de Riucorb,1,35,19,0,18,18,1,53,37
2019,082943,Vallgorguina,299,985,167,296,961,183,595,1946,350
2019,082956,Vallirana,1295,5039,1189,1266,4852,1365,2561,9891,2554
2019,172095,Vall-llobrega,83,313,50,88,311,54,171,624,104
2019,431606,Vallmoll,138,608,144,139,572,155,277,1180,299
2019,082969,Vallromanes,269,906,153,225,867,159,494,1773,312
2019,431613,Valls,1991,8261,1958,1883,7752,2514,3874,16013,4472
2019,259062,"Valls d'Aguilar, les",10,88,47,8,76,31,18,164,78
2019,252398,"Valls de Valira, les",52,281,79,43,257,79,95,538,158
2019,431628,Vandellòs i l'Hospitalet de l'Infant,572,2177,497,526,2116,594,1098,4293,1091
2019,259097,"Vansa i Fórnols, la",2,60,22,3,48,26,5,108,48
2019,082975,Veciana,18,52,29,17,44,22,35,96,51
2019,431634,"Vendrell, el",3169,12234,3228,3021,12186,3768,6190,24420,6996
2019,172109,Ventalló,69,283,86,65,264,92,134,547,178
2019,252424,Verdú,54,290,97,58,267,153,112,557,250
2019,172116,Verges,93,357,122,104,332,163,197,689,285
2019,431649,Vespella de Gaià,33,143,56,30,111,37,63,254,93
2019,082981,Vic,4198,16223,2885,3827,14823,4258,8025,31046,7143
2019,172121,Vidrà,11,56,16,11,58,15,22,114,31
2019,172137,Vidreres,638,2752,658,575,2452,722,1213,5204,1380
2019,252430,Vielha e Mijaran,409,2110,318,366,1955,401,775,4065,719
2019,431652,Vilabella,43,249,86,44,214,100,87,463,186
2019,172142,Vilabertran,104,287,98,80,304,106,184,591,204
2019,172155,Vilablareix,277,946,215,261,973,225,538,1919,440
2019,082994,Vilada,16,137,64,11,114,74,27,251,138
2019,172174,Viladamat,32,155,54,36,139,52,68,294,106
2019,172168,Viladasens,20,71,16,8,61,24,28,132,40
2019,083015,Viladecans,5905,22243,4782,5503,22064,6114,11408,44307,10896
2019,083008,Viladecavalls,606,2609,509,604,2617,567,1210,5226,1076
2019,172180,Vilademuls,75,266,83,66,252,73,141,518,156
2019,172207,Viladrau,73,351,85,84,331,116,157,682,201
2019,172214,Vilafant,453,1750,433,412,1806,540,865,3556,973
2019,083054,Vilafranca del Penedès,3559,12800,2982,3336,13010,4059,6895,25810,7041
2019,252445,Vilagrassa,46,186,46,44,170,49,90,356,95
2019,172235,Vilajuïga,73,386,90,83,374,98,156,760,188
2019,431750,Vilalba dels Arcs,32,193,93,35,161,111,67,354,204
2019,083067,Vilalba Sasserra,61,248,48,60,231,68,121,479,116
2019,252458,Vilaller,38,198,58,30,161,76,68,359,134
2019,172240,Vilallonga de Ter,21,144,47,21,113,52,42,257,99
2019,431665,Vilallonga del Camp,264,793,149,234,774,175,498,1567,324
2019,172253,Vilamacolum,28,131,34,26,89,40,54,220,74
2019,172266,Vilamalla,100,384,102,106,377,112,206,761,214
2019,172272,Vilamaniscle,17,74,25,11,55,18,28,129,43
2019,252477,Vilamòs,9,80,11,11,63,13,20,143,24
2019,172288,Vilanant,29,134,34,35,123,37,64,257,71
2019,431671,Vilanova d'Escornalbou,42,182,64,45,160,52,87,342,116
2019,252483,Vilanova de Bellpuig,88,359,152,87,287,208,175,646,360
2019,252496,Vilanova de l'Aguda,7,59,31,6,61,33,13,120,64
2019,252542,Vilanova de la Barca,73,358,104,55,311,135,128,669,239
2019,252509,Vilanova de Meià,22,129,72,19,88,59,41,217,131
2019,431687,Vilanova de Prades,9,35,16,6,37,9,15,72,25
2019,083036,Vilanova de Sau,20,80,42,14,100,43,34,180,85
2019,252516,Vilanova de Segrià,77,349,92,64,293,102,141,642,194
2019,083020,Vilanova del Camí,1089,4233,905,1077,4001,1153,2166,8234,2058
2019,089024,Vilanova del Vallès,582,1866,312,528,1797,347,1110,3663,659
2019,083073,Vilanova i la Geltrú,5093,21877,5486,4852,22479,7299,9945,44356,12785
2019,431690,Vilaplana,30,209,63,31,181,60,61,390,123
2019,431704,Vila-rodona,104,445,111,96,368,131,200,813,242
2019,172305,Vila-sacra,68,249,55,83,233,72,151,482,127
2019,252521,Vila-sana,70,253,53,52,233,81,122,486,134
2019,431711,Vila-seca,2144,7597,1372,2077,7389,1608,4221,14986,2980
2019,082140,Vilassar de Dalt,704,2989,769,694,2968,919,1398,5957,1688
2019,082191,Vilassar de Mar,1756,6578,1734,1627,6897,2245,3383,13475,3979
2019,172229,Vilaür,21,44,16,15,49,12,36,93,28
2019,431726,Vilaverd,32,170,38,31,136,45,63,306,83
2019,431732,"Vilella Alta, la",8,47,18,11,33,18,19,80,36
2019,431747,"Vilella Baixa, la",18,69,26,9,54,26,27,123,52
2019,172333,Vilobí d'Onyar,297,1159,255,284,1008,288,581,2167,543
2019,083041,Vilobí del Penedès,101,361,107,90,329,119,191,690,226
2019,172327,Vilopriu,18,59,30,15,54,26,33,113,56
2019,252537,"Vilosell, el",4,52,32,4,46,31,8,98,63
2019,431763,Vimbodí i Poblet,55,308,125,36,230,138,91,538,263
2019,252555,Vinaixa,31,151,67,15,130,76,46,281,143
2019,431779,Vinebre,41,137,43,25,125,57,66,262,100
2019,431785,Vinyols i els Arcs,174,718,178,172,658,156,346,1376,334
2019,083089,Viver i Serrateix,10,54,23,13,42,26,23,96,49
2019,430521,Xerta,61,367,143,63,347,189,124,714,332
2020,250019,Abella de la Conca,11,67,21,7,54,23,18,121,44
2020,080018,Abrera,1164,4274,887,1072,4091,1050,2236,8365,1937
2020,250024,Àger,25,200,89,26,155,85,51,355,174
2020,250030,Agramunt,415,1807,488,422,1678,601,837,3485,1089
2020,080023,Aguilar de Segarra,26,94,28,28,83,23,54,177,51
2020,170010,Agullana,67,275,89,68,270,94,135,545,183
2020,080142,Aiguafreda,157,830,234,165,795,331,322,1625,565
2020,430017,Aiguamúrcia,59,310,114,68,272,107,127,582,221
2020,170025,Aiguaviva,75,254,56,64,257,59,139,511,115
2020,250387,Aitona,215,871,252,188,706,335,403,1577,587
2020,250045,"Alamús, els",56,272,84,50,264,85,106,536,169
2020,250058,Alàs i Cerc,21,93,44,19,87,56,40,180,100
2020,250061,"Albagés, l'",13,122,54,14,102,56,27,224,110
2020,170031,Albanyà,18,47,14,19,46,11,37,93,25
2020,250077,Albatàrrec,184,839,119,183,756,155,367,1595,274
2020,250083,Albesa,117,565,166,95,418,200,212,983,366
2020,250096,"Albi, l'",59,215,104,42,200,124,101,415,228
2020,430022,Albinyana,193,865,215,163,765,267,356,1630,482
2020,430038,"Albiol, l'",66,167,39,40,157,31,106,324,70
2020,170046,Albons,53,262,76,54,242,72,107,504,148
2020,430043,Alcanar,665,3176,941,642,2933,1077,1307,6109,2018
2020,250100,Alcanó,18,74,29,14,68,35,32,142,64
2020,250117,Alcarràs,952,3612,532,854,3113,644,1806,6725,1176
2020,250122,Alcoletge,301,1286,218,299,1095,236,600,2381,454
2020,430056,Alcover,424,1715,416,441,1644,504,865,3359,920
2020,439044,"Aldea, l'",330,1433,434,269,1213,468,599,2646,902
2020,430069,Aldover,57,286,114,44,262,142,101,548,256
2020,430075,"Aleixar, l'",66,319,73,66,289,80,132,608,153
2020,080039,Alella,850,3005,983,738,3222,1106,1588,6227,2089
2020,430081,Alfara de Carles,15,130,56,18,98,59,33,228,115
2020,250138,Alfarràs,176,956,308,181,785,359,357,1741,667
2020,250143,Alfés,21,100,38,15,81,42,36,181,80
2020,430094,Alforja,122,639,158,115,558,191,237,1197,349
2020,250156,Algerri,23,129,67,15,88,82,38,217,149
2020,250169,Alguaire,198,1110,298,233,850,340,431,1960,638
2020,250175,Alins,13,88,42,11,79,39,24,167,81
2020,430108,Alió,34,128,57,46,148,45,80,276,102
2020,250194,Almacelles,513,2530,606,454,1991,732,967,4521,1338
2020,250208,Almatret,7,108,55,5,70,60,12,178,115
2020,250215,Almenar,225,1189,360,200,949,434,425,2138,794
2020,430115,Almoster,91,484,99,89,477,101,180,961,200
2020,250220,Alòs de Balaguer,5,49,25,3,27,23,8,76,48
2020,170062,Alp,98,614,111,85,558,127,183,1172,238
2020,080044,Alpens,19,99,19,12,84,28,31,183,47
2020,250236,Alpicat,572,2145,421,569,2075,484,1141,4220,905
2020,250241,Alt Àneu,25,159,55,12,124,39,37,283,94
2020,430120,Altafulla,450,1676,453,467,1737,524,917,3413,977
2020,170078,Amer,156,737,251,155,716,317,311,1453,568
2020,430136,"Ametlla de Mar, l'",485,2206,801,440,2066,868,925,4272,1669
2020,439060,"Ampolla, l'",186,1065,432,197,959,438,383,2024,870
2020,430141,Amposta,1833,7026,1816,1602,6671,2167,3435,13697,3983
2020,170084,Anglès,486,1867,464,467,1773,597,953,3640,1061
2020,250273,Anglesola,102,443,144,122,376,178,224,819,322
2020,250292,Arbeca,116,715,270,114,615,296,230,1330,566
2020,430167,"Arboç, l'",522,1943,416,509,1727,492,1031,3670,908
2020,430154,Arbolí,5,56,13,5,34,14,10,90,27
2020,170097,Arbúcies,548,2313,555,532,2004,656,1080,4317,1211
2020,080060,Arenys de Mar,1183,5167,1411,1070,5058,2052,2253,10225,3463
2020,080076,Arenys de Munt,776,3081,734,658,2999,873,1434,6080,1607
2020,170101,Argelaguer,23,140,44,18,127,44,41,267,88
2020,080082,Argençola,12,82,19,18,67,21,30,149,40
2020,430173,"Argentera, l'",0,50,16,3,30,18,3,80,34
2020,080095,Argentona,1030,4170,997,957,4117,1265,1987,8287,2262
2020,170118,"Armentera, l'",85,300,93,87,282,104,172,582,197
2020,430189,Arnes,19,115,85,21,113,91,40,228,176
2020,250313,Arres,1,32,6,3,16,2,4,48,8
2020,250328,Arsèguel,8,28,10,6,24,5,14,52,15
2020,080109,Artés,465,1975,471,451,1810,590,916,3785,1061
2020,250334,Artesa de Lleida,100,583,133,90,463,166,190,1046,299
2020,250349,Artesa de Segre,237,1169,350,225,1024,395,462,2193,745
2020,430192,Ascó,102,542,200,94,495,211,196,1037,411
2020,250365,Aspa,10,70,35,10,57,38,20,127,73
2020,250371,"Avellanes i Santa Linya, les",22,144,83,25,91,68,47,235,151
2020,080116,Avià,180,718,215,154,707,246,334,1425,461
2020,080121,Avinyó,171,763,203,163,693,296,334,1456,499
2020,170123,Avinyonet de Puigventós,147,579,92,147,582,94,294,1161,186
2020,080137,Avinyonet del Penedès,110,628,161,114,507,177,224,1135,338
2020,080155,Badalona,17590,74108,18320,16506,72614,24028,34096,146722,42348
2020,089045,Badia del Vallès,1029,4369,1170,977,4204,1666,2006,8573,2836
2020,080168,Bagà,116,680,265,113,641,325,229,1321,590
2020,250390,Baix Pallars,20,122,38,18,92,41,38,214,79
2020,250404,Balaguer,1550,6117,1286,1434,5320,1765,2984,11437,3051
2020,080174,Balenyà,316,1321,284,289,1262,368,605,2583,652
2020,080180,Balsareny,188,1092,296,203,977,436,391,2069,732
2020,430206,Banyeres del Penedès,278,1081,266,275,1033,274,553,2114,540
2020,170157,Banyoles,1825,6681,1480,1693,6392,1982,3518,13073,3462
2020,250411,Barbens,53,318,97,55,239,116,108,557,213
2020,430213,Barberà de la Conca,34,171,55,31,116,64,65,287,119
2020,082520,Barberà del Vallès,2788,11069,2538,2753,10974,3212,5541,22043,5750
2020,080193,Barcelona,104905,544980,140823,99367,562944,211163,204272,1107924,351986
2020,250426,"Baronia de Rialb, la",5,74,37,11,66,36,16,140,73
2020,170160,Bàscara,79,349,93,70,285,125,149,634,218
2020,250447,Bassella,13,68,31,6,69,30,19,137,61
2020,430228,Batea,138,546,265,127,517,308,265,1063,573
2020,250450,Bausen,0,16,14,2,15,13,2,31,27
2020,080207,Begues,685,2489,476,668,2453,529,1353,4942,1005
2020,170139,Begur,234,1321,400,238,1259,439,472,2580,839
2020,250463,Belianes,25,151,85,25,151,83,50,302,168
2020,251706,Bellaguarda,12,97,41,8,79,50,20,176,91
2020,170182,Bellcaire d'Empordà,45,215,65,53,216,84,98,431,149
2020,250479,Bellcaire d'Urgell,71,397,139,76,336,180,147,733,319
2020,250485,Bell-lloc d'Urgell,154,793,212,173,731,272,327,1524,484
2020,250498,Bellmunt d'Urgell,10,60,20,12,53,30,22,113,50
2020,430234,Bellmunt del Priorat,20,90,32,7,81,43,27,171,75
2020,080214,Bellprat,0,25,16,1,13,9,1,38,25
2020,250501,Bellpuig,373,1989,412,420,1495,529,793,3484,941
2020,430249,Bellvei,206,769,187,190,690,195,396,1459,382
2020,250518,Bellver de Cerdanya,149,676,210,133,607,230,282,1283,440
2020,250523,Bellvís,168,755,236,132,638,331,300,1393,567
2020,250539,Benavent de Segrià,115,581,110,104,483,125,219,1064,235
2020,430252,Benifallet,25,212,99,32,221,134,57,433,233
2020,430265,Benissanet,68,432,130,65,298,147,133,730,277
2020,080229,Berga,1260,5475,1580,1089,5209,2147,2349,10684,3727
2020,170195,Besalú,204,723,254,200,781,325,404,1504,579
2020,170209,Bescanó,502,1660,360,444,1591,434,946,3251,794
2020,170216,Beuda,14,74,11,20,56,11,34,130,22
2020,080235,Bigues i Riells del Fai,782,3321,676,758,3079,742,1540,6400,1418
2020,250557,Biosca,4,59,31,6,44,33,10,103,64
2020,170221,"Bisbal d'Empordà, la",1038,3722,805,958,3576,1060,1996,7298,1865
2020,430271,"Bisbal de Falset, la",17,69,30,9,50,36,26,119,66
2020,430287,"Bisbal del Penedès, la",252,1281,385,238,1108,367,490,2389,752
2020,172348,Biure,13,74,38,10,72,34,23,146,72
2020,430290,Blancafort,19,134,47,21,107,54,40,241,101
2020,170237,Blanes,2847,13629,3370,2710,13126,4232,5557,26755,7602
2020,170293,Boadella i les Escaules,13,93,31,18,88,29,31,181,60
2020,170242,Bolvir,27,134,36,17,121,40,44,255,76
2020,430304,Bonastre,56,243,60,59,213,54,115,456,114
2020,250576,"Bòrdes, Es",17,100,25,17,75,21,34,175,46
2020,170255,Bordils,146,599,140,137,576,163,283,1175,303
2020,250582,"Borges Blanques, les",502,2048,602,457,1829,735,959,3877,1337
2020,430311,"Borges del Camp, les",189,694,170,156,620,227,345,1314,397
2020,170268,Borrassà,74,243,63,64,217,72,138,460,135
2020,080240,Borredà,20,177,60,20,123,64,40,300,124
2020,250595,Bossòst,67,388,89,78,376,117,145,764,206
2020,430326,Bot,26,162,96,20,144,106,46,306,202
2020,430332,Botarell,90,396,66,94,351,80,184,747,146
2020,250560,Bovera,10,81,47,10,52,48,20,133,95
2020,430347,Bràfim,67,220,68,56,192,92,123,412,160
2020,170274,Breda,232,1248,362,273,1192,455,505,2440,817
2020,080253,"Bruc, el",197,788,143,180,666,136,377,1454,279
2020,080266,"Brull, el",27,95,20,24,72,20,51,167,40
2020,170280,Brunyola i Sant Martí Sapresa,24,130,49,23,117,46,47,247,95
2020,430350,Cabacés,19,102,41,22,75,43,41,177,84
2020,250609,Cabanabona,1,26,7,1,20,16,2,46,23
2020,170314,Cabanelles,26,96,28,17,67,33,43,163,61
2020,170307,Cabanes,67,341,112,69,277,102,136,618,214
2020,080272,"Cabanyes, les",105,322,72,77,336,67,182,658,139
2020,250616,Cabó,3,33,14,5,23,15,8,56,29
2020,430363,Cabra del Camp,77,418,118,75,374,113,152,792,231
2020,080288,Cabrera d'Anoia,115,576,104,104,475,108,219,1051,212
2020,080291,Cabrera de Mar,366,1601,414,345,1600,421,711,3201,835
2020,080305,Cabrils,611,2510,546,598,2600,567,1209,5110,1113
2020,170329,Cadaqués,169,911,220,177,948,270,346,1859,490
2020,080312,Calaf,342,1157,344,315,1080,418,657,2237,762
2020,430379,Calafell,2120,9212,2555,1925,8852,2937,4045,18064,5492
2020,080348,Calders,82,362,86,76,345,94,158,707,180
2020,080327,Caldes d'Estrac,205,984,253,197,1014,368,402,1998,621
2020,170335,Caldes de Malavella,682,2653,600,644,2584,709,1326,5237,1309
2020,080333,Caldes de Montbui,1452,5998,1423,1300,5786,1853,2752,11784,3276
2020,080351,Calella,1380,6371,1648,1333,6183,2362,2713,12554,4010
2020,080370,Calldetenes,199,864,218,198,798,236,397,1662,454
2020,080386,Callús,181,725,147,187,665,224,368,1390,371
2020,080364,Calonge de Segarra,9,64,19,10,51,35,19,115,54
2020,170340,Calonge i Sant Antoni,875,3746,1060,749,3700,1201,1624,7446,2261
2020,250621,Camarasa,47,243,116,41,224,139,88,467,255
2020,439039,Camarles,251,1020,346,179,962,436,430,1982,782
2020,430385,Cambrils,3080,11347,2563,2822,11735,3187,5902,23082,5750
2020,170353,Camós,56,209,75,36,200,101,92,409,176
2020,170366,Campdevànol,201,991,368,207,964,501,408,1955,869
2020,170372,Campelles,6,47,20,4,47,16,10,94,36
2020,080399,Campins,34,206,43,41,176,41,75,382,84
2020,170388,Campllong,57,182,25,59,177,37,116,359,62
2020,170391,Camprodon,138,707,279,134,704,336,272,1411,615
2020,250637,Canejan,1,31,13,5,31,8,6,62,21
2020,170405,Canet d'Adri,67,236,79,56,212,79,123,448,158
2020,080403,Canet de Mar,1161,4795,1338,1024,4723,1824,2185,9518,3162
2020,439076,"Canonja, la",533,1967,412,519,2019,506,1052,3986,918
2020,080410,Canovelles,1584,5918,1191,1438,5272,1426,3022,11190,2617
2020,080425,Cànoves i Samalús,270,1082,259,244,1026,275,514,2108,534
2020,170412,Cantallops,18,95,40,23,89,44,41,184,84
2020,080431,Canyelles,396,1674,360,357,1558,354,753,3232,714
2020,430398,Capafonts,3,39,16,6,33,14,9,72,30
2020,430402,Capçanes,17,124,56,24,116,55,41,240,111
2020,080446,Capellades,396,1757,512,373,1668,636,769,3425,1148
2020,170427,Capmany,39,201,65,41,189,76,80,390,141
2020,080459,Capolat,10,21,8,8,29,8,18,50,16
2020,080462,Cardedeu,1645,6065,1265,1607,6155,1687,3252,12220,2952
2020,080478,Cardona,284,1441,541,307,1349,717,591,2790,1258
2020,080484,Carme,59,269,83,56,230,88,115,499,171
2020,430419,Caseres,6,67,44,12,64,44,18,131,88
2020,170448,Cassà de la Selva,918,3641,734,871,3264,982,1789,6905,1716
2020,080497,Casserres,115,493,195,104,451,230,219,944,425
2020,080575,Castell de l'Areny,4,24,9,2,26,2,6,50,11
2020,259046,Castell de Mur,9,57,30,5,44,28,14,101,58
2020,250642,Castellar de la Ribera,15,36,15,11,36,18,26,72,33
2020,080522,Castellar de n'Hug,4,64,16,7,42,23,11,106,39
2020,080500,Castellar del Riu,17,61,21,14,48,15,31,109,36
2020,080517,Castellar del Vallès,2058,8222,1809,1868,8240,2291,3926,16462,4100
2020,080538,Castellbell i el Vilar,255,1323,323,286,1153,379,541,2476,702
2020,080543,Castellbisbal,1137,4392,778,1086,4218,928,2223,8610,1706
2020,080556,Castellcir,65,276,56,67,234,44,132,510,100
2020,250674,Castelldans,53,341,103,58,260,115,111,601,218
2020,080569,Castelldefels,5625,23216,4321,5178,23335,5785,10803,46551,10106
2020,080581,Castellet i la Gornal,167,853,219,165,731,247,332,1584,466
2020,170464,Castellfollit de la Roca,82,293,113,52,273,134,134,566,247
2020,080608,Castellfollit de Riubregós,6,60,25,8,37,26,14,97,51
2020,080594,Castellfollit del Boix,37,153,38,36,129,54,73,282,92
2020,080615,Castellgalí,199,710,193,174,637,206,373,1347,399
2020,080620,Castellnou de Bages,132,546,92,128,448,91,260,994,183
2020,250680,Castellnou de Seana,48,213,93,42,167,102,90,380,195
2020,170470,Castelló d'Empúries,860,3762,982,871,3575,1050,1731,7337,2032
2020,250693,Castelló de Farfanya,32,190,69,34,138,76,66,328,145
2020,080636,Castellolí,43,209,50,81,187,56,124,396,106
2020,170486,Castell-Platja d'Aro,796,3629,1001,769,3674,1161,1565,7303,2162
2020,250707,Castellserà,60,323,122,58,274,159,118,597,281
2020,080641,Castellterçol,159,859,257,165,773,335,324,1632,592
2020,430424,Castellvell del Camp,236,965,216,209,992,210,445,1957,426
2020,080654,Castellví de la Marca,108,525,162,105,493,182,213,1018,344
2020,080667,Castellví de Rosanes,140,682,127,166,646,172,306,1328,299
2020,430430,"Catllar, el",412,1605,349,347,1509,335,759,3114,684
2020,250714,Cava,2,19,8,1,8,7,3,27,15
2020,171899,"Cellera de Ter, la",143,613,203,136,602,253,279,1215,456
2020,170499,Celrà,586,1938,272,578,1876,311,1164,3814,583
2020,080673,Centelles,605,2485,606,564,2398,855,1169,4883,1461
2020,082687,Cercs,63,371,134,56,330,196,119,701,330
2020,082665,Cerdanyola del Vallès,4151,19131,5002,3816,19443,6312,7967,38574,11314
2020,080689,Cervelló,773,3087,711,703,2932,871,1476,6019,1582
2020,250729,Cervera,796,3301,681,763,2960,849,1559,6261,1530
2020,250735,Cervià de les Garrigues,33,217,100,32,176,104,65,393,204
2020,170502,Cervià de Ter,93,314,87,76,311,85,169,625,172
2020,170519,Cistella,16,89,32,21,94,30,37,183,62
2020,250740,Ciutadilla,12,66,33,12,53,32,24,119,65
2020,250753,Clariana de Cardener,12,57,17,9,53,13,21,110,30
2020,250766,"Cogul, el",5,49,29,2,39,27,7,88,56
2020,170545,Colera,12,134,71,21,133,74,33,267,145
2020,250772,Coll de Nargó,33,165,79,26,160,77,59,325,156
2020,080692,Collbató,434,1621,304,361,1495,329,795,3116,633
2020,430458,Colldejou,11,61,21,7,45,23,18,106,44
2020,080706,Collsuspina,33,111,39,36,109,31,69,220,70
2020,170558,Colomers,7,56,21,11,51,28,18,107,49
2020,251636,"Coma i la Pedra, la",14,107,30,9,72,23,23,179,53
2020,251615,Conca de Dalt,23,116,70,27,110,64,50,226,134
2020,430461,Conesa,6,31,13,2,32,16,8,63,29
2020,430477,Constantí,645,2335,465,611,2101,508,1256,4436,973
2020,080713,Copons,26,97,34,33,91,40,59,188,74
2020,430483,Corbera d'Ebre,63,339,127,43,284,147,106,623,274
2020,080728,Corbera de Llobregat,1240,5240,974,1171,5060,1197,2411,10300,2171
2020,250788,Corbins,126,561,124,103,383,165,229,944,289
2020,170577,Corçà,118,382,142,87,385,154,205,767,296
2020,080734,Cornellà de Llobregat,6664,29437,7521,6409,29455,10450,13073,58892,17971
2020,170561,Cornellà del Terri,212,774,229,191,750,243,403,1524,472
2020,430496,Cornudella de Montsant,46,360,95,51,276,116,97,636,211
2020,430509,Creixell,286,1206,403,255,1133,475,541,2339,878
2020,170583,Crespià,15,87,25,19,74,34,34,161,59
2020,179011,"Cruïlles, Monells i Sant Sadurní de l'Heura",88,418,126,88,419,131,176,837,257
2020,080749,Cubelles,1359,5324,1261,1239,5154,1433,2598,10478,2694
2020,250791,Cubells,15,112,52,11,90,58,26,202,110
2020,430516,Cunit,989,4239,1422,1012,4237,1634,2001,8476,3056
2020,170600,Darnius,25,183,64,31,157,77,56,340,141
2020,170617,Das,18,83,20,26,67,20,44,150,40
2020,439018,Deltebre,828,3864,1157,770,3550,1409,1598,7414,2566
2020,080752,Dosrius,480,2037,364,469,1894,408,949,3931,772
2020,430537,Duesaigües,15,98,25,16,62,28,31,160,53
2020,170622,"Escala, l'",713,3373,1101,671,3191,1195,1384,6564,2296
2020,080765,Esparreguera,1794,7789,1690,1692,7276,2061,3486,15065,3751
2020,170638,Espinelves,13,79,20,18,65,26,31,144,46
2020,250812,"Espluga Calba, l'",15,98,55,17,84,60,32,182,115
2020,430542,"Espluga de Francolí, l'",241,1237,352,253,1169,484,494,2406,836
2020,080771,Esplugues de Llobregat,3372,14419,4670,3161,15291,6237,6533,29710,10907
2020,170643,Espolla,28,115,61,18,125,65,46,240,126
2020,170656,Esponellà,45,135,54,41,129,59,86,264,113
2020,250827,Espot,16,143,38,23,114,32,39,257,70
2020,080787,"Espunyola, l'",15,76,29,12,76,34,27,152,63
2020,082541,"Esquirol, l'",137,717,244,139,675,274,276,1392,518
2020,250886,Estamariu,9,38,25,8,31,14,17,69,39
2020,080790,"Estany, l'",35,129,51,16,109,68,51,238,119
2020,250851,Estaràs,5,43,31,12,46,19,17,89,50
2020,250864,Esterri d'Àneu,47,284,51,55,292,75,102,576,126
2020,250870,Esterri de Cardós,5,23,6,5,19,6,10,42,12
2020,430555,Falset,229,864,266,200,831,345,429,1695,611
2020,170059,"Far d'Empordà, el",51,211,49,50,182,59,101,393,108
2020,250899,Farrera,6,42,15,6,28,11,12,70,26
2020,430568,"Fatarella, la",36,269,146,49,244,182,85,513,328
2020,430574,"Febró, la",0,16,9,0,11,4,0,27,13
2020,081347,Figaró-Montmany,72,389,98,91,367,125,163,756,223
2020,080804,Fígols,2,18,6,1,9,7,3,27,13
2020,259084,Fígols i Alinyà,11,89,40,10,59,35,21,148,75
2020,430580,"Figuera, la",3,42,17,3,27,22,6,69,39
2020,170669,Figueres,4319,15967,3077,4020,15581,4271,8339,31548,7348
2020,430593,Figuerola del Camp,27,108,29,24,102,39,51,210,68
2020,170675,Flaçà,93,368,90,90,352,137,183,720,227
2020,430607,Flix,184,1105,434,159,990,538,343,2095,972
2020,250925,"Floresta, la",2,55,19,6,37,21,8,92,40
2020,080826,Fogars de la Selva,90,530,137,88,474,150,178,1004,287
2020,080811,Fogars de Montclús,47,160,42,44,144,38,91,304,80
2020,170681,Foixà,11,100,40,15,84,53,26,184,93
2020,080832,Folgueroles,219,763,168,198,713,204,417,1476,372
2020,250931,Fondarella,51,266,71,56,248,84,107,514,155
2020,080847,Fonollosa,105,495,152,95,467,145,200,962,297
2020,170694,Fontanals de Cerdanya,20,140,52,30,140,55,50,280,107
2020,170708,Fontanilles,9,53,19,8,37,20,17,90,39
2020,170715,Fontcoberta,135,466,131,117,490,130,252,956,261
2020,080850,Font-rubí,101,487,156,100,421,149,201,908,305
2020,250946,Foradada,15,88,29,10,36,25,25,124,54
2020,179026,Forallac,119,539,169,119,551,198,238,1090,367
2020,430614,Forès,1,13,12,0,8,9,1,21,21
2020,170736,Fornells de la Selva,278,885,170,242,905,190,520,1790,360
2020,170741,Fortià,56,267,72,55,251,86,111,518,158
2020,080863,"Franqueses del Vallès, les",1942,7084,1305,1857,6667,1509,3799,13751,2814
2020,430629,Freginals,16,149,41,11,104,64,27,253,105
2020,250962,"Fuliola, la",98,401,121,106,353,171,204,754,292
2020,250978,Fulleda,1,33,19,2,30,17,3,63,36
2020,080902,Gaià,14,68,16,14,55,16,28,123,32
2020,430635,"Galera, la",49,238,95,39,200,115,88,438,210
2020,080879,Gallifa,10,62,17,5,52,21,15,114,38
2020,430640,Gandesa,243,1024,322,213,912,382,456,1936,704
2020,430653,Garcia,33,162,64,33,156,79,66,318,143
2020,430666,"Garidells, els",9,69,18,12,66,16,21,135,34
2020,080885,"Garriga, la",1410,5441,1205,1298,5676,1638,2708,11117,2843
2020,170754,Garrigàs,38,156,40,33,143,41,71,299,81
2020,170767,Garrigoles,13,57,18,15,46,18,28,103,36
2020,170773,Garriguella,61,268,96,70,263,95,131,531,191
2020,080898,Gavà,3875,15512,3635,3610,15706,4719,7485,31218,8354
2020,250984,Gavet de la Conca,10,79,42,9,68,53,19,147,95
2020,080919,Gelida,689,2628,525,640,2519,669,1329,5147,1194
2020,170789,Ger,38,140,44,42,140,45,80,280,89
2020,259123,Gimenells i el Pla de la Font,80,399,121,72,308,140,152,707,261
2020,430672,Ginestar,42,249,116,27,212,118,69,461,234
2020,170792,Girona,8577,34421,6811,8024,35959,9577,16601,70380,16388
2020,080924,Gironella,399,1506,556,334,1444,707,733,2950,1263
2020,080930,Gisclareny,2,10,4,0,8,2,2,18,6
2020,430688,Godall,25,174,97,37,165,100,62,339,197
2020,250997,Golmés,144,640,156,167,574,174,311,1214,330
2020,170806,Gombrèn,21,57,17,14,56,27,35,113,44
2020,251001,Gósol,10,78,30,7,52,29,17,130,59
2020,080945,"Granada, la",196,755,146,189,729,193,385,1484,339
2020,251018,"Granadella, la",50,241,101,32,184,108,82,425,209
2020,080958,Granera,3,37,12,2,17,6,5,54,18
2020,251023,"Granja d'Escarp, la",48,359,102,54,230,129,102,589,231
2020,080961,Granollers,4780,21335,4776,4482,20594,6452,9262,41929,11228
2020,251039,Granyanella,5,46,29,4,42,17,9,88,46
2020,251057,Granyena de les Garrigues,9,54,22,6,29,20,15,83,42
2020,251044,Granyena de Segarra,6,50,26,13,31,25,19,81,51
2020,430691,Gratallops,9,90,29,7,65,37,16,155,66
2020,080977,Gualba,155,544,95,155,476,123,310,1020,218
2020,170813,Gualta,37,156,41,27,108,33,64,264,74
2020,080996,Guardiola de Berguedà,45,333,114,55,272,122,100,605,236
2020,430705,"Guiamets, els",9,89,35,12,78,55,21,167,90
2020,170828,Guils de Cerdanya,37,203,54,39,165,51,76,368,105
2020,251095,Guimerà,10,86,45,16,59,55,26,145,100
2020,259031,"Guingueta d'Àneu, la",16,100,40,13,83,37,29,183,77
2020,251109,Guissona,742,2846,305,636,2321,398,1378,5167,703
2020,251116,Guixers,8,48,24,4,29,19,12,77,43
2020,081000,Gurb,227,958,214,207,863,244,434,1821,458
2020,430712,Horta de Sant Joan,74,366,159,56,312,179,130,678,338
2020,081017,"Hospitalet de Llobregat, l'",19303,88420,22566,18192,89701,31200,37495,178121,53766
2020,081629,"Hostalets de Pierola, els",257,1070,191,246,984,232,503,2054,423
2020,170834,Hostalric,382,1447,329,358,1353,422,740,2800,751
2020,081022,Igualada,3418,13219,3436,3225,12764,4680,6643,25983,8116
2020,251155,Isona i Conca Dellà,62,336,164,51,266,163,113,602,327
2020,170849,Isòvol,23,105,35,19,72,27,42,177,62
2020,251137,Ivars d'Urgell,100,504,202,105,380,246,205,884,448
2020,251121,Ivars de Noguera,19,113,41,20,91,48,39,204,89
2020,251142,Ivorra,0,44,15,2,26,21,2,70,36
2020,170852,Jafre,30,132,47,19,101,58,49,233,105
2020,170865,"Jonquera, la",305,1136,220,268,1119,272,573,2255,492
2020,081038,Jorba,72,307,50,63,279,62,135,586,112
2020,259101,Josa i Tuixén,2,40,17,3,27,14,5,67,31
2020,170871,Juià,26,111,26,24,100,32,50,211,58
2020,251180,Juncosa,10,144,52,24,103,62,34,247,114
2020,251193,Juneda,286,1237,354,233,980,411,519,2217,765
2020,251214,Les,60,350,54,80,348,79,140,698,133
2020,251229,Linyola,191,909,267,205,836,309,396,1745,576
2020,081043,"Llacuna, la",57,331,105,57,232,121,114,563,226
2020,170887,Lladó,80,263,68,92,276,65,172,539,133
2020,251235,Lladorre,13,77,29,13,72,33,26,149,62
2020,251240,Lladurs,8,56,31,11,53,21,19,109,52
2020,081056,"Llagosta, la",1057,4515,1119,1062,4357,1477,2119,8872,2596
2020,170890,Llagostera,748,2973,652,734,2722,818,1482,5695,1470
2020,170904,Llambilles,61,244,61,48,231,68,109,475,129
2020,170911,Llanars,36,163,75,34,161,66,70,324,141
2020,170926,Llançà,328,1559,466,304,1511,607,632,3070,1073
2020,251253,Llardecans,23,141,73,15,113,79,38,254,152
2020,251266,Llavorsí,20,118,38,19,114,37,39,232,75
2020,251207,Lleida,11042,47974,10525,10463,45670,14729,21505,93644,25254
2020,170932,Llers,81,406,122,93,394,141,174,800,263
2020,251272,Lles de Cerdanya,17,99,41,14,70,29,31,169,70
2020,081075,Lliçà d'Amunt,1258,5392,1256,1166,5088,1309,2424,10480,2565
2020,081081,Lliçà de Vall,516,2191,612,435,2126,617,951,4317,1229
2020,251288,Llimiana,9,49,28,6,35,19,15,84,47
2020,081069,Llinars del Vallès,778,3404,809,670,3354,1003,1448,6758,1812
2020,170947,Llívia,91,524,130,100,456,130,191,980,260
2020,430727,"Lloar, el",4,36,16,8,29,12,12,65,28
2020,251291,Llobera,18,61,28,7,46,28,25,107,56
2020,430733,Llorac,3,30,15,4,30,9,7,60,24
2020,430748,Llorenç del Penedès,199,770,211,174,759,282,373,1529,493
2020,170950,Lloret de Mar,3093,14240,2593,2916,13094,3153,6009,27334,5746
2020,170963,"Llosses, les",20,84,17,14,61,16,34,145,33
2020,081094,Lluçà,21,93,21,32,87,22,53,180,43
2020,171024,Maçanet de Cabrenys,32,229,91,34,196,116,66,425,207
2020,171030,Maçanet de la Selva,498,2522,616,552,2196,682,1050,4718,1298
2020,170979,Madremanya,27,83,27,25,95,31,52,178,58
2020,170985,Maià de Montcal,28,182,50,32,124,47,60,306,97
2020,251333,Maials,41,329,130,45,230,134,86,559,264
2020,251305,Maldà,14,65,30,8,66,44,22,131,74
2020,081108,Malgrat de Mar,1341,6312,1676,1272,5932,2239,2613,12244,3915
2020,081115,Malla,24,88,26,19,83,32,43,171,58
2020,081120,Manlleu,1826,7111,1575,1776,6535,2089,3602,13646,3664
2020,081136,Manresa,6434,25408,6493,6016,24885,9009,12450,50293,15502
2020,430764,Marçà,41,207,64,38,182,68,79,389,132
2020,430751,Margalef,5,41,17,4,24,15,9,65,32
2020,082423,Marganell,15,86,26,9,91,39,24,177,65
2020,081141,Martorell,2511,10094,2050,2351,9101,2665,4862,19195,4715
2020,081154,Martorelles,355,1633,447,330,1527,528,685,3160,975
2020,430770,Mas de Barberans,23,174,84,27,155,101,50,329,185
2020,171002,Masarac,15,112,23,18,89,31,33,201,54
2020,430786,Masdenverge,76,338,132,60,331,134,136,669,266
2020,081167,"Masies de Roda, les",55,235,78,49,221,81,104,456,159
2020,081173,"Masies de Voltregà, les",219,1053,277,210,1045,328,429,2098,605
2020,430799,Masllorenç,38,190,46,30,146,55,68,336,101
2020,081189,"Masnou, el",1767,7818,1939,1670,7882,2755,3437,15700,4694
2020,430803,"Masó, la",23,83,42,16,75,41,39,158,83
2020,430810,Maspujols,83,279,59,64,275,63,147,554,122
2020,081192,Masquefa,801,3347,610,797,3134,713,1598,6481,1323
2020,430825,"Masroig, el",23,178,72,26,126,67,49,304,139
2020,251312,Massalcoreig,22,272,60,28,151,77,50,423,137
2020,171019,Massanes,81,246,93,73,225,78,154,471,171
2020,251327,Massoteres,16,83,18,20,59,16,36,142,34
2020,081206,Matadepera,879,3113,764,799,3094,847,1678,6207,1611
2020,081213,Mataró,10698,44027,9751,10038,42008,13139,20736,86035,22890
2020,081228,Mediona,205,766,221,184,727,266,389,1493,487
2020,251348,Menàrguens,38,311,96,41,220,107,79,531,203
2020,170998,Meranges,8,38,9,7,29,9,15,67,18
2020,171058,Mieres,24,118,34,24,100,45,48,218,79
2020,430831,"Milà, el",13,61,17,17,59,23,30,120,40
2020,251351,Miralcamp,119,454,144,115,401,152,234,855,296
2020,430846,Miravet,56,229,90,42,184,105,98,413,195
2020,081385,Moià,487,2298,496,482,1991,629,969,4289,1125
2020,430859,"Molar, el",11,101,43,8,75,53,19,176,96
2020,081234,Molins de Rei,2243,8475,1921,2110,8636,2555,4353,17111,4476
2020,251370,Mollerussa,1342,5274,908,1293,4632,1200,2635,9906,2108
2020,171061,Mollet de Peralada,18,58,28,14,48,32,32,106,60
2020,081249,Mollet del Vallès,4015,17411,3984,3786,17341,5063,7801,34752,9047
2020,171077,Molló,19,104,43,28,88,54,47,192,97
2020,251364,"Molsosa, la",2,33,16,4,32,17,6,65,33
2020,081287,Monistrol de Calders,47,241,78,35,218,83,82,459,161
2020,081271,Monistrol de Montserrat,256,1074,273,236,969,331,492,2043,604
2020,171096,Montagut i Oix,60,337,84,66,294,89,126,631,173
2020,430862,Montblanc,612,2513,617,510,2344,783,1122,4857,1400
2020,430884,Montbrió del Camp,304,986,209,271,904,235,575,1890,444
2020,081252,Montcada i Reixac,3145,12643,2360,2980,12467,3208,6125,25110,5568
2020,081304,Montclar,13,42,17,13,41,13,26,83,30
2020,251399,Montellà i Martinet,34,208,76,24,171,65,58,379,141
2020,081311,Montesquiu,98,321,94,75,317,125,173,638,219
2020,251403,Montferrer i Castellbò,93,343,123,83,297,95,176,640,218
2020,430897,Montferri,33,133,44,37,121,35,70,254,79
2020,251386,Montgai,34,208,100,22,164,115,56,372,215
2020,081265,Montgat,1106,4074,849,990,4131,1050,2096,8205,1899
2020,081326,Montmajor,42,130,60,40,132,65,82,262,125
2020,081332,Montmaneu,10,45,26,3,44,23,13,89,49
2020,430901,"Montmell, el",114,575,153,107,490,143,221,1065,296
2020,081350,Montmeló,633,2932,755,616,2928,967,1249,5860,1722
2020,251425,Montoliu de Lleida,32,167,54,25,136,69,57,303,123
2020,251410,Montoliu de Segarra,10,63,29,6,51,28,16,114,57
2020,251431,Montornès de Segarra,3,25,18,5,26,19,8,51,37
2020,081363,Montornès del Vallès,1486,5726,1178,1462,5378,1414,2948,11104,2592
2020,430918,Mont-ral,11,66,22,9,46,14,20,112,36
2020,171100,Mont-ras,109,569,173,87,551,191,196,1120,364
2020,430923,Mont-roig del Camp,999,4315,1109,896,3986,1155,1895,8301,2264
2020,081379,Montseny,31,122,34,23,100,41,54,222,75
2020,430939,Móra d'Ebre,468,1937,469,403,1777,641,871,3714,1110
2020,430944,Móra la Nova,225,1051,291,205,984,352,430,2035,643
2020,430957,"Morell, el",332,1371,214,328,1231,266,660,2602,480
2020,430960,"Morera de Montsant, la",8,61,18,12,45,15,20,106,33
2020,081290,Muntanyola,47,231,50,55,205,44,102,436,94
2020,081398,Mura,16,74,27,17,61,25,33,135,52
2020,251459,Nalec,4,20,22,3,25,16,7,45,38
2020,250254,Naut Aran,134,677,142,119,639,125,253,1316,267
2020,081402,Navarcles,392,1986,580,405,1950,744,797,3936,1324
2020,081419,Navàs,465,1958,564,447,1881,703,912,3839,1267
2020,171117,Navata,123,450,119,119,478,138,242,928,257
2020,251462,Navès,22,97,27,19,87,32,41,184,59
2020,081424,"Nou de Berguedà, la",6,49,29,10,45,23,16,94,52
2020,430976,"Nou de Gaià, la",67,180,47,62,189,55,129,369,102
2020,430982,Nulles,64,164,46,42,136,57,106,300,103
2020,251484,Odèn,13,91,48,7,69,30,20,160,78
2020,081430,Òdena,344,1269,268,319,1134,334,663,2403,602
2020,171122,Ogassa,16,88,28,14,71,23,30,159,51
2020,081458,Olèrdola,330,1314,311,302,1202,309,632,2516,620
2020,081461,Olesa de Bonesvalls,155,671,142,136,588,148,291,1259,290
2020,081477,Olesa de Montserrat,2174,8152,1732,2012,7870,2204,4186,16022,3936
2020,251497,Oliana,103,557,258,111,545,269,214,1102,527
2020,251500,Oliola,9,73,27,12,58,24,21,131,51
2020,251517,Olius,114,324,89,86,292,76,200,616,165
2020,081483,Olivella,377,1417,260,370,1260,251,747,2677,511
2020,081496,Olost,70,374,142,79,378,159,149,752,301
2020,171143,Olot,2663,12377,2949,2563,11346,4028,5226,23723,6977
2020,251522,"Oluges, les",10,52,28,5,43,33,15,95,61
2020,081445,Olvan,50,284,85,48,256,135,98,540,220
2020,251538,"Omellons, els",7,64,39,10,48,38,17,112,77
2020,251543,"Omells de na Gaia, els",2,50,22,4,37,15,6,87,37
2020,171156,Ordis,25,123,45,25,109,34,50,232,79
2020,251556,Organyà,53,242,92,35,218,131,88,460,223
2020,081509,Orís,19,118,27,25,110,23,44,228,50
2020,081516,Oristà,36,170,76,26,157,84,62,327,160
2020,081521,Orpí,14,54,11,14,45,13,28,99,24
2020,081537,Òrrius,69,265,53,64,249,58,133,514,111
2020,251569,Os de Balaguer,67,328,106,70,309,100,137,637,206
2020,171169,Osor,30,155,47,16,130,50,46,285,97
2020,251575,Ossó de Sió,12,60,25,13,62,31,25,122,56
2020,081542,Pacs del Penedès,72,310,81,74,298,83,146,608,164
2020,081555,Palafolls,875,3340,599,811,3247,741,1686,6587,1340
2020,171175,Palafrugell,2004,7681,1846,1882,7457,2374,3886,15138,4220
2020,171181,Palamós,1274,5997,1602,1164,5984,2114,2438,11981,3716
2020,251581,"Palau d'Anglesola, el",176,727,168,172,678,245,348,1405,413
2020,171194,Palau de Santa Eulàlia,7,29,15,5,23,11,12,52,26
2020,171215,Palau-sator,26,103,40,23,83,35,49,186,75
2020,171208,Palau-saverdera,131,451,156,118,430,170,249,881,326
2020,081568,Palau-solità i Plegamans,1148,5009,1132,1185,5036,1382,2333,10045,2514
2020,431009,"Pallaresos, els",489,1684,250,460,1649,318,949,3333,568
2020,081574,Pallejà,1082,3906,806,939,3843,1046,2021,7749,1852
2020,430995,"Palma d'Ebre, la",10,97,58,14,85,74,24,182,132
2020,089058,"Palma de Cervelló, la",217,1033,225,233,1013,271,450,2046,496
2020,171236,Palol de Revardit,32,143,48,38,135,52,70,278,100
2020,171241,Pals,163,810,259,156,737,270,319,1547,529
2020,081580,"Papiol, el",360,1410,293,332,1399,378,692,2809,671
2020,171254,Pardines,12,60,18,10,46,23,22,106,41
2020,081593,Parets del Vallès,1644,6542,1332,1554,6333,1666,3198,12875,2998
2020,171267,Parlavà,27,122,47,29,111,55,56,233,102
2020,431016,Passanant i Belltall,3,59,32,1,32,28,4,91,60
2020,171289,Pau,35,180,65,31,171,75,66,351,140
2020,431021,Paüls,34,144,95,29,149,94,63,293,189
2020,171292,Pedret i Marzà,17,64,16,15,60,19,32,124,35
2020,251641,Penelles,24,168,63,22,99,60,46,267,123
2020,171306,"Pera, la",41,139,37,26,130,62,67,269,99
2020,081607,Perafita,29,126,53,20,124,53,49,250,106
2020,431037,Perafort,135,449,75,116,405,84,251,854,159
2020,171328,Peralada,123,640,174,137,607,217,260,1247,391
2020,251654,Peramola,14,114,45,18,101,55,32,215,100
2020,431042,"Perelló, el",206,869,367,206,795,383,412,1664,750
2020,081614,Piera,1337,5705,1211,1238,5145,1498,2575,10850,2709
2020,431055,"Piles, les",18,67,29,22,61,13,40,128,42
2020,081635,Pineda de Mar,1985,9326,2629,1958,8830,3256,3943,18156,5885
2020,431068,"Pinell de Brai, el",50,334,129,51,272,172,101,606,301
2020,251667,Pinell de Solsonès,12,73,28,4,47,29,16,120,57
2020,251673,Pinós,17,96,39,22,77,35,39,173,74
2020,431074,Pira,41,178,51,30,153,50,71,331,101
2020,431080,"Pla de Santa Maria, el",178,835,216,154,713,252,332,1548,468
2020,081640,"Pla del Penedès, el",110,427,101,123,399,115,233,826,216
2020,171334,"Planes d'Hostoles, les",132,528,206,107,485,254,239,1013,460
2020,171349,Planoles,24,103,38,17,80,42,41,183,80
2020,259118,"Plans de Sió, els",19,176,71,23,128,74,42,304,145
2020,251689,"Poal, el",46,225,79,38,195,87,84,420,166
2020,251692,"Pobla de Cérvoles, la",6,72,26,3,46,36,9,118,62
2020,081653,"Pobla de Claramunt, la",189,717,204,176,672,227,365,1389,431
2020,081666,"Pobla de Lillet, la",41,327,163,38,295,229,79,622,392
2020,431093,"Pobla de Mafumet, la",440,1435,142,404,1368,182,844,2803,324
2020,431107,"Pobla de Massaluca, la",19,103,58,12,77,48,31,180,106
2020,431114,"Pobla de Montornès, la",236,982,285,213,875,293,449,1857,578
2020,251713,"Pobla de Segur, la",221,946,348,196,892,440,417,1838,788
2020,431129,Poboleda,18,107,41,21,90,44,39,197,85
2020,081672,Polinyà,865,3018,437,848,2832,504,1713,5850,941
2020,431135,"Pont d'Armentera, el",24,156,69,25,135,79,49,291,148
2020,250306,"Pont de Bar, el",18,55,18,0,39,22,18,94,40
2020,171352,Pont de Molins,31,174,56,34,167,54,65,341,110
2020,251734,"Pont de Suert, el",171,752,205,158,704,267,329,1456,472
2020,081825,"Pont de Vilomara i Rocafort, el",338,1350,319,283,1243,374,621,2593,693
2020,431418,Pontils,3,37,26,6,35,15,9,72,41
2020,081688,Pontons,40,191,52,25,172,48,65,363,100
2020,171365,Pontós,23,92,26,18,72,29,41,164,55
2020,251728,Ponts,193,895,249,177,810,320,370,1705,569
2020,171371,Porqueres,375,1544,385,384,1527,462,759,3071,847
2020,431140,Porrera,17,166,40,22,121,58,39,287,98
2020,171404,"Port de la Selva, el",66,302,129,48,277,136,114,579,265
2020,171387,Portbou,33,319,169,49,289,204,82,608,373
2020,251749,"Portella, la",48,298,77,36,218,66,84,516,143
2020,431153,Pradell de la Teixeta,4,48,22,8,55,21,12,103,43
2020,431166,Prades,41,195,75,28,169,80,69,364,155
2020,431172,Prat de Comte,9,64,24,6,40,34,15,104,58
2020,081691,"Prat de Llobregat, el",5079,21398,5474,4933,21302,7199,10012,42700,12673
2020,431188,Pratdip,38,233,117,40,181,117,78,414,234
2020,081712,Prats de Lluçanès,170,860,275,168,807,324,338,1667,599
2020,081705,"Prats de Rei, els",44,192,50,31,148,72,75,340,122
2020,251752,Prats i Sansor,9,85,22,12,67,27,21,152,49
2020,251765,Preixana,23,121,56,25,101,61,48,222,117
2020,251771,Preixens,24,120,67,28,102,77,52,222,144
2020,082303,Premià de Dalt,876,3425,900,810,3420,1010,1686,6845,1910
2020,081727,Premià de Mar,2152,9379,2382,2021,9240,3357,4173,18619,5739
2020,171390,"Preses, les",160,613,148,161,587,186,321,1200,334
2020,251790,Prullans,16,61,27,14,83,25,30,144,52
2020,171411,Puigcerdà,709,3372,631,690,3235,849,1399,6607,1480
2020,081748,Puigdàlber,37,173,39,64,161,50,101,334,89
2020,251804,Puiggròs,17,98,27,14,77,45,31,175,72
2020,431191,Puigpelat,113,432,59,101,389,69,214,821,128
2020,081751,Puig-reig,271,1393,471,259,1278,623,530,2671,1094
2020,251811,Puigverd d'Agramunt,9,90,32,8,61,29,17,151,61
2020,251826,Puigverd de Lleida,99,480,115,99,404,152,198,884,267
2020,081764,Pujalt,22,68,28,12,55,25,34,123,53
2020,081770,"Quar, la",6,11,9,3,14,6,9,25,15
2020,171426,Quart,416,1248,246,395,1211,282,811,2459,528
2020,170433,Queralbs,6,67,25,4,61,25,10,128,50
2020,431205,Querol,34,178,73,29,150,54,63,328,127
2020,171432,Rabós,12,58,22,11,53,28,23,111,50
2020,081786,Rajadell,30,181,62,39,166,56,69,347,118
2020,431212,Rasquera,47,228,113,40,217,138,87,445,251
2020,171447,Regencós,17,98,35,16,77,33,33,175,68
2020,081799,Rellinars,54,296,67,78,253,61,132,549,128
2020,431227,Renau,19,60,6,15,56,6,34,116,12
2020,431233,Reus,9129,34045,8161,8666,35200,10967,17795,69245,19128
2020,251832,Rialp,40,232,47,32,227,63,72,459,110
2020,431248,"Riba, la",35,204,80,25,155,86,60,359,166
2020,431251,Riba-roja d'Ebre,52,374,157,56,286,185,108,660,342
2020,259059,Ribera d'Ondara,24,136,55,25,126,67,49,262,122
2020,251850,Ribera d'Urgellet,70,327,83,65,287,100,135,614,183
2020,171450,Ribes de Freser,96,572,215,76,524,277,172,1096,492
2020,171463,Riells i Viabrea,317,1477,316,269,1446,328,586,2923,644
2020,431264,"Riera de Gaià, la",181,570,123,171,550,147,352,1120,270
2020,251863,Riner,20,82,31,21,71,38,41,153,69
2020,171479,Ripoll,779,3505,1085,707,3308,1419,1486,6813,2504
2020,081803,Ripollet,3510,13291,2595,3308,13071,3404,6818,26362,5999
2020,259139,Riu de Cerdanya,4,37,14,1,30,7,5,67,21
2020,171485,Riudarenes,177,757,200,170,694,206,347,1451,406
2020,171498,Riudaura,37,153,40,52,154,45,89,307,85
2020,431270,Riudecanyes,99,411,101,80,346,109,179,757,210
2020,431286,Riudecols,74,437,106,76,370,126,150,807,232
2020,171501,Riudellots de la Selva,181,709,165,154,673,189,335,1382,354
2020,431299,Riudoms,594,2164,594,495,2016,706,1089,4180,1300
2020,171518,Riumors,16,77,28,16,75,34,32,152,62
2020,081810,"Roca del Vallès, la",905,3686,765,897,3572,929,1802,7258,1694
2020,431303,Rocafort de Queralt,12,68,34,10,51,36,22,119,70
2020,431310,Roda de Berà,528,2253,682,493,2056,773,1021,4309,1455
2020,081831,Roda de Ter,544,2206,485,513,2092,650,1057,4298,1135
2020,431325,Rodonyà,41,183,41,22,150,57,63,333,98
2020,431331,Roquetes,665,2849,656,621,2498,790,1286,5347,1446
2020,171523,Roses,1613,6766,1637,1513,6336,1942,3126,13102,3579
2020,251898,Rosselló,273,1188,202,273,1031,270,546,2219,472
2020,431346,"Rourell, el",33,129,31,24,121,34,57,250,65
2020,081846,Rubí,6696,26803,5390,6348,26398,6956,13044,53201,12346
2020,081859,Rubió,19,81,34,11,67,27,30,148,61
2020,171539,Rupià,18,84,38,26,75,32,44,159,70
2020,089019,Rupit i Pruit,9,82,41,15,74,50,24,156,91
2020,081878,Sabadell,17615,70848,16925,16506,71070,23556,34121,141918,40481
2020,081884,Sagàs,15,51,11,8,46,14,23,97,25
2020,251902,Salàs de Pallars,18,105,51,18,91,44,36,196,95
2020,081901,Saldes,4,102,53,10,69,40,14,171,93
2020,171544,Sales de Llierca,10,59,13,16,53,8,26,112,21
2020,081918,Sallent,455,2051,754,458,2036,981,913,4087,1735
2020,431359,Salomó,43,190,53,49,154,60,92,344,113
2020,439057,Salou,2319,10696,1721,2084,9688,2018,4403,20384,3739
2020,171557,Salt,3459,11749,1712,3115,9849,2254,6574,21598,3966
2020,251919,Sanaüja,17,126,55,16,100,65,33,226,120
2020,081944,Sant Adrià de Besòs,3143,12569,2657,2940,12320,3818,6083,24889,6475
2020,081957,Sant Agustí de Lluçanès,3,30,11,7,27,11,10,57,22
2020,081960,Sant Andreu de la Barca,2497,9371,1776,2410,9086,2429,4907,18457,4205
2020,081976,Sant Andreu de Llavaneres,904,3717,892,825,3738,1057,1729,7455,1949
2020,171576,Sant Andreu Salou,15,49,14,9,52,21,24,101,35
2020,171833,Sant Aniol de Finestres,25,119,36,26,106,33,51,225,69
2020,081982,Sant Antoni de Vilamajor,522,2094,450,508,2113,521,1030,4207,971
2020,081995,Sant Bartomeu del Grau,78,309,88,55,265,89,133,574,177
2020,082009,Sant Boi de Llobregat,6591,27739,6905,6201,27714,9350,12792,55453,16255
2020,082016,Sant Boi de Lluçanès,22,178,93,36,145,106,58,323,199
2020,431362,Sant Carles de la Ràpita,997,4803,1516,961,4814,1862,1958,9617,3378
2020,082037,Sant Cebrià de Vallalta,297,1229,265,299,1091,257,596,2320,522
2020,082021,Sant Celoni,1543,6108,1381,1455,5812,1837,2998,11920,3218
2020,082042,Sant Climent de Llobregat,410,1409,278,368,1407,288,778,2816,566
2020,171582,Sant Climent Sescebes,35,353,51,50,151,67,85,504,118
2020,082055,Sant Cugat del Vallès,9122,30273,5821,8474,31864,7423,17596,62137,13244
2020,082068,Sant Cugat Sesgarrigues,77,326,88,98,316,104,175,642,192
2020,251961,Sant Esteve de la Sarga,2,45,27,4,28,16,6,73,43
2020,082074,Sant Esteve de Palautordera,272,945,195,242,999,211,514,1944,406
2020,082080,Sant Esteve Sesrovires,632,2669,561,577,2577,680,1209,5246,1241
2020,171595,Sant Feliu de Buixalleu,45,279,90,59,248,76,104,527,166
2020,082107,Sant Feliu de Codines,532,2257,443,456,2073,602,988,4330,1045
2020,171609,Sant Feliu de Guíxols,1705,7211,1955,1663,7079,2484,3368,14290,4439
2020,082114,Sant Feliu de Llobregat,3551,14757,3796,3411,14965,4987,6962,29722,8783
2020,171616,Sant Feliu de Pallerols,123,458,143,96,443,174,219,901,317
2020,082129,Sant Feliu Sasserra,48,198,73,39,166,81,87,364,154
2020,171621,Sant Ferriol,25,74,26,22,67,22,47,141,48
2020,082093,Sant Fost de Campsentelles,659,2905,844,601,2825,1019,1260,5730,1863
2020,082135,Sant Fruitós de Bages,731,2977,640,740,2954,795,1471,5931,1435
2020,171637,Sant Gregori,396,1311,310,335,1247,329,731,2558,639
2020,251924,Sant Guim de Freixenet,73,348,118,74,282,142,147,630,260
2020,251977,Sant Guim de la Plana,10,64,25,5,48,29,15,112,54
2020,171642,Sant Hilari Sacalm,432,1894,558,448,1722,649,880,3616,1207
2020,082153,Sant Hipòlit de Voltregà,284,1200,281,246,1129,400,530,2329,681
2020,081939,Sant Iscle de Vallalta,125,492,95,109,421,100,234,913,195
2020,439023,Sant Jaume d'Enveja,216,1169,396,242,1054,450,458,2223,846
2020,082166,Sant Jaume de Frontanyà,2,8,8,1,7,4,3,15,12
2020,171655,Sant Jaume de Llierca,67,260,93,66,269,116,133,529,209
2020,431378,Sant Jaume dels Domenys,259,880,209,242,797,237,501,1677,446
2020,171674,Sant Joan de les Abadesses,208,988,399,189,926,514,397,1914,913
2020,171680,Sant Joan de Mollet,35,161,45,45,160,52,80,321,97
2020,082188,Sant Joan de Vilatorrada,897,3676,948,833,3476,1168,1730,7152,2116
2020,082172,Sant Joan Despí,2851,11208,2633,2648,11527,3400,5499,22735,6033
2020,171851,Sant Joan les Fonts,239,988,326,202,899,390,441,1887,716
2020,171668,Sant Jordi Desvalls,64,238,75,62,240,81,126,478,156
2020,089030,Sant Julià de Cerdanyola,15,85,27,8,66,28,23,151,55
2020,171693,Sant Julià de Ramis,344,1233,237,326,1187,249,670,2420,486
2020,082205,Sant Julià de Vilatorta,260,1050,249,253,1028,300,513,2078,549
2020,179032,Sant Julià del Llor i Bonmatí,107,456,97,113,434,106,220,890,203
2020,082212,Sant Just Desvern,1656,5789,1506,1604,6096,2019,3260,11885,3525
2020,082227,Sant Llorenç d'Hortons,196,846,192,203,799,192,399,1645,384
2020,171714,Sant Llorenç de la Muga,15,94,25,18,78,35,33,172,60
2020,251930,Sant Llorenç de Morunys,56,286,125,59,281,153,115,567,278
2020,082233,Sant Llorenç Savall,168,794,254,166,743,292,334,1537,546
2020,082251,Sant Martí d'Albars,8,33,16,9,32,16,17,65,32
2020,082248,Sant Martí de Centelles,82,453,74,87,379,109,169,832,183
2020,171729,Sant Martí de Llémena,57,224,53,50,219,38,107,443,91
2020,259025,Sant Martí de Riucorb,31,201,96,42,152,117,73,353,213
2020,082264,Sant Martí de Tous,115,409,110,113,356,125,228,765,235
2020,082270,Sant Martí Sarroca,256,1069,280,271,1063,322,527,2132,602
2020,082286,Sant Martí Sesgueioles,25,122,31,14,109,41,39,231,72
2020,171735,Sant Martí Vell,13,101,22,16,70,29,29,171,51
2020,082299,Sant Mateu de Bages,38,189,86,29,159,107,67,348,193
2020,171740,Sant Miquel de Campmajor,22,84,21,19,61,22,41,145,43
2020,171753,Sant Miquel de Fluvià,62,261,73,59,235,71,121,496,144
2020,171766,Sant Mori,11,55,18,11,52,19,22,107,37
2020,171772,Sant Pau de Segúries,50,205,89,41,202,101,91,407,190
2020,082310,Sant Pere de Ribes,2548,10727,2181,2525,10490,2640,5073,21217,4821
2020,082325,Sant Pere de Riudebitlles,218,746,227,180,716,293,398,1462,520
2020,082331,Sant Pere de Torelló,200,834,242,150,752,292,350,1586,534
2020,082346,Sant Pere de Vilamajor,369,1588,322,374,1522,369,743,3110,691
2020,171788,Sant Pere Pescador,173,787,152,183,610,185,356,1397,337
2020,081897,Sant Pere Sallavinera,16,46,21,8,36,24,24,82,45
2020,082359,Sant Pol de Mar,404,1739,547,389,1727,622,793,3466,1169
2020,082362,Sant Quintí de Mediona,206,796,190,180,717,228,386,1513,418
2020,082378,Sant Quirze de Besora,138,660,243,148,644,321,286,1304,564
2020,082384,Sant Quirze del Vallès,1845,6698,1358,1778,6929,1587,3623,13627,2945
2020,082397,Sant Quirze Safaja,58,246,42,62,188,35,120,434,77
2020,251945,Sant Ramon,21,155,83,28,119,81,49,274,164
2020,082401,Sant Sadurní d'Anoia,1115,4227,986,1022,4260,1231,2137,8487,2217
2020,082418,Sant Sadurní d'Osormort,3,35,8,2,20,8,5,55,16
2020,080983,Sant Salvador de Guardiola,253,1133,273,239,1013,310,492,2146,583
2020,082628,Sant Vicenç de Castellet,839,3269,784,729,3067,1079,1568,6336,1863
2020,082649,Sant Vicenç de Montalt,543,2148,554,476,2133,598,1019,4281,1152
2020,082652,Sant Vicenç de Torelló,176,686,161,144,679,212,320,1365,373
2020,082634,Sant Vicenç dels Horts,2229,9737,2078,2125,9413,2686,4354,19150,4764
2020,431384,Santa Bàrbara,279,1221,386,270,1118,441,549,2339,827
2020,082439,Santa Cecília de Voltregà,13,68,19,12,55,15,25,123,34
2020,082444,Santa Coloma de Cervelló,740,2775,522,800,2780,651,1540,5555,1173
2020,171805,Santa Coloma de Farners,1139,4605,1018,1134,4233,1234,2273,8838,2252
2020,082457,Santa Coloma de Gramenet,9443,40141,9943,8904,38406,13606,18347,78547,23549
2020,431397,Santa Coloma de Queralt,201,861,279,168,798,365,369,1659,644
2020,171812,Santa Cristina d'Aro,432,1785,444,415,1702,509,847,3487,953
2020,082460,Santa Eugènia de Berga,180,773,208,151,749,217,331,1522,425
2020,082476,Santa Eulàlia de Riuprimer,141,462,97,142,422,119,283,884,216
2020,082482,Santa Eulàlia de Ronçana,628,2505,596,596,2419,682,1224,4924,1278
2020,082495,Santa Fe del Penedès,29,125,26,27,127,33,56,252,59
2020,171827,Santa Llogaia d'Àlguema,35,131,23,33,113,33,68,244,56
2020,082508,Santa Margarida de Montbui,960,3397,791,863,3202,1012,1823,6599,1803
2020,082515,Santa Margarida i els Monjos,761,2644,514,710,2435,612,1471,5079,1126
2020,082589,Santa Maria d'Oló,78,325,115,66,303,137,144,628,252
2020,082536,Santa Maria de Besora,10,56,18,10,43,24,20,99,42
2020,082567,Santa Maria de Martorelles,75,309,62,76,285,83,151,594,145
2020,082554,Santa Maria de Merlès,18,60,11,23,57,15,41,117,26
2020,082573,Santa Maria de Miralles,5,44,15,8,31,16,13,75,31
2020,082592,Santa Maria de Palautordera,797,3357,716,724,3147,889,1521,6504,1605
2020,431401,Santa Oliva,300,1128,286,264,1044,331,564,2172,617
2020,171848,Santa Pau,126,527,184,106,484,187,232,1011,371
2020,082606,Santa Perpètua de Mogoda,2340,8950,1793,2121,8591,2204,4461,17541,3997
2020,082613,Santa Susanna,314,1188,273,300,1160,313,614,2348,586
2020,081923,Santpedor,731,2425,633,624,2441,750,1355,4866,1383
2020,431423,Sarral,115,540,143,129,448,163,244,988,306
2020,171864,Sarrià de Ter,461,1722,384,437,1730,495,898,3452,879
2020,252017,Sarroca de Bellera,1,45,22,5,26,17,6,71,39
2020,252000,Sarroca de Lleida,16,118,69,14,84,57,30,202,126
2020,171870,"Saus, Camallera i Llampaies",63,273,90,68,254,108,131,527,198
2020,431439,Savallà del Comtat,1,17,8,0,17,10,1,34,18
2020,431444,"Secuita, la",150,582,127,151,554,144,301,1136,271
2020,171886,"Selva de Mar, la",9,67,29,5,58,27,14,125,56
2020,431457,"Selva del Camp, la",486,1962,419,443,1867,506,929,3829,925
2020,431460,Senan,3,17,10,3,8,3,6,25,13
2020,430445,"Sénia, la",400,1901,538,382,1776,643,782,3677,1181
2020,252022,Senterada,5,66,11,7,38,12,12,104,23
2020,250352,"Sentiu de Sió, la",21,136,60,23,114,60,44,250,120
2020,082671,Sentmenat,840,3213,628,785,3046,723,1625,6259,1351
2020,171903,Serinyà,104,370,100,93,362,104,197,732,204
2020,252043,Seròs,142,717,189,147,525,226,289,1242,415
2020,171910,Serra de Daró,21,76,24,14,62,25,35,138,49
2020,171925,Setcases,10,57,29,4,52,18,14,109,47
2020,252038,"Seu d'Urgell, la",853,4053,1013,848,4101,1338,1701,8154,2351
2020,082690,Seva,291,1226,289,249,1154,335,540,2380,624
2020,252056,Sidamon,69,273,55,50,230,71,119,503,126
2020,171931,Sils,559,2151,477,492,2009,531,1051,4160,1008
2020,082704,Sitges,2140,10188,2483,1953,9726,3063,4093,19914,5546
2020,170524,Siurana,8,55,19,14,52,23,22,107,42
2020,082711,Sobremunt,1,26,7,5,30,9,6,56,16
2020,252069,"Soleràs, el",17,112,46,21,77,59,38,189,105
2020,431476,Solivella,45,203,85,26,180,93,71,383,178
2020,252075,Solsona,740,3036,735,733,2895,998,1473,5931,1733
2020,082726,Sora,26,71,24,12,57,22,38,128,46
2020,252081,Soriguera,36,157,32,28,137,30,64,294,62
2020,252094,Sort,175,705,186,150,708,230,325,1413,416
2020,252108,Soses,156,590,167,153,512,183,309,1102,350
2020,082732,Subirats,247,1080,292,215,957,313,462,2037,605
2020,252115,Sudanell,48,307,102,40,238,105,88,545,207
2020,252120,Sunyer,19,150,31,18,88,37,37,238,68
2020,082747,Súria,397,1926,571,382,1871,801,779,3797,1372
2020,171946,Susqueda,2,41,12,5,25,8,7,66,20
2020,082763,Tagamanent,24,114,23,18,114,25,42,228,48
2020,082779,Talamanca,21,72,25,16,57,18,37,129,43
2020,252154,Talarn,23,332,47,25,127,41,48,459,88
2020,252167,Talavera,16,95,45,12,66,45,28,161,90
2020,171959,"Tallada d'Empordà, la",30,149,58,34,136,47,64,285,105
2020,082785,Taradell,573,2183,570,494,2117,703,1067,4300,1273
2020,431482,Tarragona,10621,45483,10562,10212,45245,14373,20833,90728,24935
2020,252173,Tàrrega,1583,5875,1200,1481,5727,1579,3064,11602,2779
2020,252189,Tarrés,6,29,19,8,28,12,14,57,31
2020,252192,Tarroja de Segarra,11,57,31,17,51,21,28,108,52
2020,082750,Tavèrnoles,28,105,33,29,92,35,57,197,68
2020,082802,Tavertet,3,31,18,4,31,18,7,62,36
2020,082819,Teià,509,2047,597,426,2088,760,935,4135,1357
2020,252206,Térmens,82,470,136,82,393,197,164,863,333
2020,171962,Terrades,18,116,32,27,108,37,45,224,69
2020,082798,Terrassa,19286,74717,15945,18136,73693,21850,37422,148410,37795
2020,082824,Tiana,726,2890,689,763,3062,815,1489,5952,1504
2020,252213,Tírvia,5,43,15,7,42,22,12,85,37
2020,252228,Tiurana,3,22,9,4,29,10,7,51,19
2020,431495,Tivenys,34,299,124,43,247,155,77,546,279
2020,431508,Tivissa,100,517,195,88,482,237,188,999,432
2020,082830,Tona,660,2840,656,639,2727,834,1299,5567,1490
2020,252234,Torà,81,422,124,75,380,155,156,802,279
2020,082845,Tordera,1543,5940,1387,1402,5626,1621,2945,11566,3008
2020,082858,Torelló,1124,4814,1233,1100,4515,1614,2224,9329,2847
2020,252249,"Torms, els",7,46,21,2,36,26,9,82,47
2020,252252,Tornabous,55,286,99,52,220,110,107,506,209
2020,252271,"Torre de Cabdella, la",31,255,95,30,212,136,61,467,231
2020,082861,"Torre de Claramunt, la",306,1336,293,269,1220,317,575,2556,610
2020,431515,"Torre de Fontaubella, la",12,36,21,7,35,20,19,71,41
2020,431520,"Torre de l'Espanyol, la",32,199,77,38,174,81,70,373,158
2020,252265,Torrebesses,14,90,39,13,65,46,27,155,85
2020,431536,Torredembarra,1271,5428,1435,1230,5432,1771,2501,10860,3206
2020,252287,Torrefarrera,464,1643,274,428,1562,323,892,3205,597
2020,259078,Torrefeta i Florejacs,35,215,76,31,166,84,66,381,160
2020,252304,Torregrossa,149,764,230,139,613,284,288,1377,514
2020,252311,Torrelameu,44,322,77,42,169,81,86,491,158
2020,082877,Torrelavit,126,462,133,121,445,135,247,907,268
2020,082883,Torrelles de Foix,179,891,211,165,725,227,344,1616,438
2020,082896,Torrelles de Llobregat,542,2122,357,547,2071,434,1089,4193,791
2020,171978,Torrent,9,59,19,13,46,18,22,105,37
2020,252326,Torres de Segre,136,888,204,146,757,235,282,1645,439
2020,252332,Torre-serona,21,150,37,26,118,46,47,268,83
2020,171984,Torroella de Fluvià,49,260,58,49,228,59,98,488,117
2020,171997,Torroella de Montgrí,954,4004,1025,893,3805,1155,1847,7809,2180
2020,431541,Torroja del Priorat,9,52,24,4,37,26,13,89,50
2020,172001,Tortellà,51,253,87,68,257,102,119,510,189
2020,431554,Tortosa,2594,11033,2967,2494,10407,3944,5088,21440,6911
2020,172018,Toses,9,66,23,12,45,13,21,111,36
2020,172023,Tossa de Mar,354,2051,522,380,1870,641,734,3921,1163
2020,252347,Tremp,413,1920,562,399,1851,766,812,3771,1328
2020,172044,Ullà,118,446,84,107,336,86,225,782,170
2020,082900,Ullastrell,215,705,133,204,669,163,419,1374,296
2020,172057,Ullastret,18,89,31,25,79,32,43,168,63
2020,431567,Ulldecona,487,2407,600,451,1878,702,938,4285,1302
2020,431573,Ulldemolins,16,134,76,14,91,67,30,225,143
2020,172039,Ultramort,25,64,28,18,59,31,43,123,59
2020,172060,Urús,8,73,15,8,67,25,16,140,40
2020,082917,Vacarisses,679,2413,408,591,2302,439,1270,4715,847
2020,170144,"Vajol, la",3,37,11,2,24,12,5,61,23
2020,172076,"Vall d'en Bas, la",270,998,300,225,961,339,495,1959,639
2020,172082,"Vall de Bianya, la",93,438,110,103,409,122,196,847,232
2020,250432,"Vall de Boí, la",68,378,97,68,336,72,136,714,169
2020,259010,Vall de Cardós,16,133,40,23,94,44,39,227,84
2020,082922,Vallbona d'Anoia,110,465,128,77,428,149,187,893,277
2020,252385,Vallbona de les Monges,6,85,36,11,55,50,17,140,86
2020,082938,Vallcebre,4,94,42,10,64,35,14,158,77
2020,431589,Vallclara,6,34,12,4,23,9,10,57,21
2020,252402,Vallfogona de Balaguer,168,615,168,164,604,187,332,1219,355
2020,171707,Vallfogona de Ripollès,11,65,31,7,52,30,18,117,61
2020,431592,Vallfogona de Riucorb,0,29,18,0,14,16,0,43,34
2020,082943,Vallgorguina,299,1040,174,287,999,189,586,2039,363
2020,082956,Vallirana,1303,5154,1234,1267,4959,1395,2570,10113,2629
2020,172095,Vall-llobrega,78,320,53,76,309,61,154,629,114
2020,431606,Vallmoll,143,601,146,150,575,159,293,1176,305
2020,082969,Vallromanes,249,916,157,208,864,164,457,1780,321
2020,431613,Valls,1946,8373,1967,1866,7766,2559,3812,16139,4526
2020,259062,"Valls d'Aguilar, les",9,88,43,6,67,32,15,155,75
2020,252398,"Valls de Valira, les",53,275,76,45,251,84,98,526,160
2020,431628,Vandellòs i l'Hospitalet de l'Infant,605,2191,508,533,2137,629,1138,4328,1137
2020,259097,"Vansa i Fórnols, la",2,53,23,3,45,23,5,98,46
2020,082975,Veciana,17,48,30,14,42,24,31,90,54
2020,431634,"Vendrell, el",3160,12548,3344,3038,12358,3925,6198,24906,7269
2020,172109,Ventalló,72,270,86,63,262,93,135,532,179
2020,252424,Verdú,45,281,95,58,269,154,103,550,249
2020,172116,Verges,85,365,125,95,341,158,180,706,283
2020,431649,Vespella de Gaià,34,140,56,30,118,39,64,258,95
2020,082981,Vic,4242,16880,2976,3941,15230,4361,8183,32110,7337
2020,172121,Vidrà,12,59,17,17,58,14,29,117,31
2020,172137,Vidreres,634,2822,674,573,2522,726,1207,5344,1400
2020,252430,Vielha e Mijaran,407,2106,345,384,1964,405,791,4070,750
2020,431652,Vilabella,43,244,86,39,220,97,82,464,183
2020,172142,Vilabertran,110,288,95,79,312,109,189,600,204
2020,172155,Vilablareix,306,981,230,283,1016,247,589,1997,477
2020,082994,Vilada,20,131,70,12,112,74,32,243,144
2020,172174,Viladamat,29,149,54,38,134,54,67,283,108
2020,172168,Viladasens,19,74,17,9,64,23,28,138,40
2020,083015,Viladecans,5803,22550,4878,5438,22269,6259,11241,44819,11137
2020,083008,Viladecavalls,616,2605,539,584,2619,582,1200,5224,1121
2020,172180,Vilademuls,79,273,79,73,257,74,152,530,153
2020,172207,Viladrau,76,346,86,83,340,116,159,686,202
2020,172214,Vilafant,459,1741,460,398,1810,553,857,3551,1013
2020,083054,Vilafranca del Penedès,3533,12950,3033,3324,13171,4143,6857,26121,7176
2020,252445,Vilagrassa,49,198,47,38,177,51,87,375,98
2020,172235,Vilajuïga,81,387,90,76,383,99,157,770,189
2020,431750,Vilalba dels Arcs,30,192,91,38,160,110,68,352,201
2020,083067,Vilalba Sasserra,66,268,50,58,238,73,124,506,123
2020,252458,Vilaller,41,193,57,23,159,76,64,352,133
2020,172240,Vilallonga de Ter,18,146,49,22,114,49,40,260,98
2020,431665,Vilallonga del Camp,272,794,157,238,761,183,510,1555,340
2020,172253,Vilamacolum,31,147,33,32,94,40,63,241,73
2020,172266,Vilamalla,96,389,101,98,367,110,194,756,211
2020,172272,Vilamaniscle,14,79,28,13,58,20,27,137,48
2020,252477,Vilamòs,9,73,13,10,60,13,19,133,26
2020,172288,Vilanant,32,131,31,33,124,35,65,255,66
2020,431671,Vilanova d'Escornalbou,40,193,63,46,171,52,86,364,115
2020,252483,Vilanova de Bellpuig,86,358,156,94,288,201,180,646,357
2020,252496,Vilanova de l'Aguda,8,58,32,3,63,36,11,121,68
2020,252542,Vilanova de la Barca,69,421,102,58,302,136,127,723,238
2020,252509,Vilanova de Meià,22,153,74,17,87,62,39,240,136
2020,431687,Vilanova de Prades,5,37,14,8,37,6,13,74,20
2020,083036,Vilanova de Sau,23,82,43,15,106,43,38,188,86
2020,252516,Vilanova de Segrià,78,360,91,67,288,101,145,648,192
2020,083020,Vilanova del Camí,1081,4255,956,1080,4063,1161,2161,8318,2117
2020,089024,Vilanova del Vallès,577,1883,321,522,1834,366,1099,3717,687
2020,083073,Vilanova i la Geltrú,5006,22120,5626,4770,22695,7516,9776,44815,13142
2020,431690,Vilaplana,30,209,58,28,171,59,58,380,117
2020,431704,Vila-rodona,101,465,111,95,373,131,196,838,242
2020,172305,Vila-sacra,70,242,65,81,223,77,151,465,142
2020,252521,Vila-sana,66,255,52,52,227,82,118,482,134
2020,431711,Vila-seca,2154,7734,1429,2043,7526,1669,4197,15260,3098
2020,082140,Vilassar de Dalt,679,2985,800,670,2974,964,1349,5959,1764
2020,082191,Vilassar de Mar,1702,6681,1803,1626,6906,2317,3328,13587,4120
2020,172229,Vilaür,20,43,17,13,52,13,33,95,30
2020,431726,Vilaverd,30,166,41,27,133,46,57,299,87
2020,431732,"Vilella Alta, la",8,45,19,11,33,17,19,78,36
2020,431747,"Vilella Baixa, la",14,71,25,10,60,24,24,131,49
2020,172333,Vilobí d'Onyar,286,1180,266,276,1025,300,562,2205,566
2020,083041,Vilobí del Penedès,99,362,109,84,323,125,183,685,234
2020,172327,Vilopriu,16,64,29,13,53,29,29,117,58
2020,252537,"Vilosell, el",5,50,34,7,46,31,12,96,65
2020,431763,Vimbodí i Poblet,49,304,125,34,239,139,83,543,264
2020,252555,Vinaixa,30,137,68,14,125,76,44,262,144
2020,431779,Vinebre,40,132,43,24,131,55,64,263,98
2020,431785,Vinyols i els Arcs,186,736,191,185,669,157,371,1405,348
2020,083089,Viver i Serrateix,13,53,22,14,45,25,27,98,47
2020,430521,Xerta,55,366,148,61,331,193,116,697,341
